403
0 10800 15
8
2 12 50 58 66 72 108 144
0 10800 10
4
8 36 72 108
0 10800 10
5
46 50 58 66 74
3480 3481 1
9
8 36 72 108 139 131 93 87 83
5670 5671 1
2
145 146
3024 3025 1
4
8 36 72 110
2580 2581 1
4
2 12 48 83
1950 1951 1
4
2 12 48 83
6594 6595 1
5
129 93 94 102 110
10764 10765 1
4
145 109 73 74
6885 6886 1
3
118 122 128
372 373 1
6
8 31 23 15 12 47
6909 6910 1
4
145 109 73 74
7710 7711 1
2
8 38
8604 8605 1
6
8 36 67 59 21 5
6300 6301 1
8
4 20 58 66 72 103 100 136
10728 10729 1
6
145 109 103 65 66 74
8190 8191 1
7
39 36 72 108 139 131 128
6090 6091 1
6
137 101 65 59 51 47
3726 3727 1
6
8 36 67 59 21 5
5259 5260 1
7
2 14 20 56 94 102 110
2403 2404 1
7
8 36 72 103 65 66 74
4980 4981 1
5
145 109 73 37 9
4707 4708 1
8
129 93 94 100 131 123 85 86
2880 2881 1
3
118 122 128
8658 8659 1
10
8 31 28 64 100 131 93 57 21 5
555 556 1
4
4 20 51 47
3840 3841 1
2
39 9
1365 1366 1
8
8 36 72 103 65 29 30 38
4062 4063 1
4
2 12 48 83
7497 7498 1
2
2 11
1548 1549 1
5
145 109 73 37 9
2760 2761 1
6
145 139 101 65 29 7
4125 4126 1
5
145 139 131 123 119
4167 4168 1
5
145 109 73 37 38
8370 8371 1
3
10 14 5
5400 5401 1
4
118 122 130 136
9600 9601 1
3
118 122 128
10728 10729 1
7
4 20 58 64 100 138 146
2004 2005 1
6
145 139 131 123 85 83
4896 4897 1
12
145 139 131 123 85 49 13 14 20 58 66 74
2664 2665 1
4
8 36 72 110
7635 7636 1
2
8 38
6426 6427 1
4
129 93 87 83
10080 10081 1
5
10 14 22 30 38
2892 2893 1
2
8 38
8820 8821 1
7
39 36 72 103 65 66 74
1767 1768 1
2
39 9
3288 3289 1
7
8 36 72 103 65 29 30
2820 2821 1
6
10 14 20 51 13 3
1944 1945 1
4
145 109 73 74
5382 5383 1
2
10 3
3012 3013 1
9
4 22 28 64 100 131 93 87 83
9273 9274 1
6
137 101 65 66 37 38
2664 2665 1
9
10 14 22 28 64 95 87 84 120
3252 3253 1
8
8 36 72 103 95 57 21 5
1800 1801 1
5
8 36 72 108 144
4500 4501 1
3
118 122 128
5868 5869 1
2
145 146
6783 6784 1
6
39 31 28 64 100 136
4104 4105 1
5
4 20 51 13 3
585 586 1
4
118 122 130 136
117 118 1
5
118 122 130 138 144
1422 1423 1
8
2 14 22 28 64 95 87 83
9300 9301 1
3
118 122 128
7686 7687 1
4
2 12 48 83
4728 4729 1
2
145 146
3555 3556 1
5
145 139 131 123 119
10008 10009 1
2
145 146
6594 6595 1
2
145 146
6636 6637 1
5
4 20 56 92 128
2310 2311 1
9
2 12 50 58 64 100 131 123 119
2277 2278 1
8
8 36 72 103 95 87 84 120
9180 9181 1
6
10 12 48 86 92 128
6120 6121 1
6
4 20 56 94 100 136
3345 3346 1
3
145 109 110
6852 6853 1
3
10 14 5
2430 2431 1
3
2 12 47
7632 7633 1
4
2 12 48 83
4293 4294 1
5
8 36 72 108 144
5967 5968 1
6
2 12 50 58 66 74
222 223 1
5
4 20 56 92 128
117 118 1
7
137 101 65 29 23 15 11
6390 6391 1
5
137 101 65 29 7
7995 7996 1
4
145 109 73 74
10635 10636 1
5
8 36 72 108 144
1098 1099 1
3
145 109 110
888 889 1
9
8 36 72 103 95 87 49 50 56
2508 2509 1
3
145 109 110
720 721 1
2
2 11
8550 8551 1
5
10 14 22 30 38
1872 1873 1
2
145 146
1185 1186 1
3
8 31 7
1728 1729 1
7
118 122 93 94 102 108 144
5148 5149 1
11
8 31 23 15 12 48 84 122 130 138 146
10395 10396 1
7
118 122 93 57 21 22 7
7041 7042 1
2
2 11
6552 6553 1
2
145 146
8118 8119 1
6
8 31 23 20 51 47
10452 10453 1
7
4 20 56 92 130 138 146
10155 10156 1
5
8 31 23 15 11
9930 9931 1
2
8 38
10284 10285 1
4
137 101 102 110
6192 6193 1
2
145 146
8268 8269 1
4
145 109 73 74
5640 5641 1
2
10 3
4293 4294 1
4
4 20 51 47
1044 1045 1
2
2 11
120 121 1
5
8 36 72 108 144
3516 3517 1
5
8 31 23 15 11
7740 7741 1
3
137 138 146
4461 4462 1
9
145 139 131 93 57 21 22 30 38
504 505 1
3
8 36 74
5268 5269 1
2
145 146
942 943 1
3
129 123 119
9090 9091 1
5
4 20 56 87 83
630 631 1
5
145 109 73 37 9
4560 4561 1
2
8 38
5598 5599 1
5
145 109 73 37 9
3978 3979 1
3
129 130 136
690 691 1
5
2 12 48 84 120
3840 3841 1
3
10 12 47
2610 2611 1
10
129 93 57 58 64 95 87 49 13 3
621 622 1
7
10 14 22 28 59 21 5
2934 2935 1
4
129 93 87 83
7092 7093 1
4
8 31 23 5
4230 4231 1
3
4 15 11
9945 9946 1
6
8 36 72 103 65 66
5490 5491 1
6
8 31 23 20 51 47
3408 3409 1
8
8 36 72 108 139 101 102 110
480 481 1
2
2 11
2910 2911 1
3
2 12 47
1896 1897 1
5
145 109 73 37 38
10455 10456 1
2
8 38
10170 10171 1
3
145 109 110
6255 6256 1
3
129 130 136
2052 2053 1
3
8 36 74
8550 8551 1
3
39 31 7
1404 1405 1
8
129 93 57 21 22 28 64 95
900 901 1
6
129 93 57 58 66 74
7707 7708 1
2
118 120
7380 7381 1
8
145 109 73 67 59 56 87 83
8244 8245 1
2
8 38
7014 7015 1
3
4 15 3
7560 7561 1
3
10 12 47
10380 10381 1
4
137 131 123 119
10332 10333 1
3
137 138 144
9969 9970 1
6
129 93 94 65 29 7
4716 4717 1
2
145 146
6714 6715 1
3
39 31 7
9540 9541 1
6
118 122 130 138 109 110
3300 3301 1
8
39 36 72 108 139 131 123 119
1230 1231 1
7
8 36 72 103 65 29 7
1692 1693 1
5
2 12 48 84 119
7056 7057 1
10
129 93 87 49 50 58 66 72 108 144
1716 1717 1
10
39 31 28 59 21 22 30 36 72 110
8772 8773 1
5
145 109 73 37 9
2385 2386 1
6
129 93 57 58 66 74
10230 10231 1
10
8 36 72 103 95 57 21 22 30 38
2169 2170 1
7
8 36 67 59 51 13 3
4062 4063 1
7
145 109 103 100 131 123 119
4569 4570 1
4
4 20 51 47
7440 7441 1
5
129 93 94 100 136
5832 5833 1
5
145 109 73 37 38
3804 3805 1
3
118 122 128
7500 7501 1
5
8 36 72 108 144
5625 5626 1
5
129 93 57 51 47
1155 1156 1
4
8 36 72 110
4956 4957 1
6
8 36 67 64 102 110
7014 7015 1
2
145 146
7155 7156 1
4
137 131 123 119
3060 3061 1
4
145 139 131 128
9240 9241 1
3
118 122 128
3225 3226 1
7
2 14 20 56 92 123 119
10521 10522 1
9
129 123 85 49 13 14 20 56 92
4188 4189 1
7
2 12 50 58 64 100 136
4419 4420 1
2
145 146
1980 1981 1
7
2 14 20 56 92 123 120
8685 8686 1
8
10 14 20 58 64 102 108 144
5190 5191 1
3
129 130 136
4569 4570 1
4
129 93 87 83
10176 10177 1
5
129 93 94 102 110
7650 7651 1
5
145 109 73 37 9
5958 5959 1
3
145 109 110
10380 10381 1
4
8 31 23 5
2448 2449 1
6
39 31 28 59 51 47
10710 10711 1
2
145 146
8910 8911 1
3
39 31 7
10296 10297 1
9
145 139 131 93 57 21 22 30 9
9000 9001 1
4
145 109 73 74
2970 2971 1
5
39 31 23 15 11
2064 2065 1
8
118 122 130 101 65 59 51 47
9651 9652 1
5
8 36 72 108 144
9540 9541 1
8
4 22 28 64 100 138 109 110
1350 1351 1
10
8 36 67 59 51 48 86 94 100 136
7488 7489 1
4
129 130 138 146
1104 1105 1
3
137 138 146
1725 1726 1
5
8 31 23 15 11
10116 10117 1
2
2 11
6417 6418 1
3
2 12 47
1512 1513 1
4
39 31 23 5
3789 3790 1
3
129 123 119
468 469 1
10
8 31 23 15 12 50 58 64 100 136
7110 7111 1
2
118 120
420 421 1
3
145 109 110
6021 6022 1
2
2 11
2097 2098 1
8
8 36 72 103 95 87 84 120
7860 7861 1
7
8 31 23 20 56 92 128
3597 3598 1
5
129 93 57 21 5
222 223 1
5
129 93 57 21 5
2610 2611 1
5
39 31 23 15 11
6840 6841 1
3
118 122 128
7455 7456 1
3
8 31 7
1890 1891 1
3
4 15 3
9120 9121 1
2
2 11
858 859 1
4
118 122 130 136
7485 7486 1
6
8 36 67 29 23 5
8295 8296 1
3
2 12 47
5460 5461 1
2
39 9
6636 6637 1
5
129 93 94 100 131
2760 2761 1
5
8 31 23 15 3
2739 2740 1
5
129 93 94 100 136
7440 7441 1
9
4 22 30 36 72 108 139 131 128
1224 1225 1
2
2 11
600 601 1
8
8 31 23 15 12 48 84 119
8316 8317 1
7
8 36 72 108 139 131 128
8874 8875 1
8
8 36 72 108 139 131 123 119
4482 4483 1
4
4 20 51 47
3300 3301 1
3
145 139 136
8424 8425 1
3
8 31 7
1665 1666 1
3
39 31 7
3852 3853 1
5
4 20 56 87 83
9660 9661 1
3
145 109 110
1053 1054 1
3
10 14 5
3663 3664 1
4
129 130 138 146
5454 5455 1
2
145 146
7500 7501 1
2
145 146
7059 7060 1
5
39 31 23 15 11
6552 6553 1
7
4 15 12 50 56 92 128
4860 4861 1
5
8 36 72 108 146
2475 2476 1
4
129 130 138 146
42 43 1
6
145 139 101 65 29 7
8406 8407 1
5
137 101 102 108 144
3915 3916 1
3
4 15 11
4878 4879 1
5
10 14 22 30 38
4140 4141 1
3
137 138 146
8244 8245 1
5
145 109 103 100 136
5958 5959 1
2
8 38
9315 9316 1
8
129 93 57 58 29 30 36 67
9840 9841 1
3
8 31 7
8145 8146 1
2
39 9
7794 7795 1
4
2 12 48 83
9630 9631 1
6
4 20 58 66 37 9
5652 5653 1
9
8 36 72 103 65 59 56 92 128
2934 2935 1
7
4 20 58 66 72 108 146
10260 10261 1
3
2 12 47
8529 8530 1
5
2 12 48 84 120
2700 2701 1
4
137 131 123 119
9840 9841 1
8
39 31 23 15 12 48 84 119
7905 7906 1
2
145 146
7380 7381 1
4
39 31 23 5
10038 10039 1
3
4 15 11
6435 6436 1
3
137 138 146
1155 1156 1
4
137 131 123 120
810 811 1
3
2 12 47
5004 5005 1
11
10 14 20 58 66 72 103 95 57 21 5
3180 3181 1
3
8 36 74
1728 1729 1
3
2 12 47
1740 1741 1
3
4 15 3
3621 3622 1
2
2 11
3585 3586 1
6
2 14 20 56 87 83
10314 10315 1
8
4 22 30 36 67 59 21 5
915 916 1
10
8 36 67 59 21 22 28 64 100 136
4596 4597 1
5
8 36 67 29 7
2778 2779 1
3
4 15 3
7983 7984 1
5
2 12 48 84 120
4461 4462 1
3
8 36 74
8586 8587 1
2
118 120
8160 8161 1
5
129 93 94 102 110
8730 8731 1
3
8 36 74
7014 7015 1
10
129 93 94 100 131 123 85 86 92 128
2592 2593 1
2
145 146
273 274 1
4
137 101 102 110
8280 8281 1
9
8 36 72 108 139 101 65 29 7
3663 3664 1
4
4 22 30 9
7392 7393 1
5
129 93 57 51 47
735 736 1
2
145 146
9840 9841 1
2
10 3
540 541 1
5
8 36 72 108 144
3390 3391 1
2
145 146
2025 2026 1
8
4 20 58 64 100 131 123 119
1944 1945 1
7
8 36 72 103 95 87 83
10260 10261 1
3
118 122 128
2340 2341 1
7
10 14 22 28 64 102 110
9390 9391 1
7
2 12 50 56 92 123 119
7650 7651 1
5
8 31 23 15 11
5328 5329 1
2
2 11
1050 1051 1
5
8 31 23 15 3
7620 7621 1
6
137 101 65 66 37 38
9663 9664 1
5
137 101 65 29 7
4356 4357 1
5
8 36 72 108 146
2313 2314 1
9
8 36 72 108 139 131 93 87 83
1308 1309 1
5
39 31 23 15 11
2856 2857 1
3
129 123 119
9150 9151 1
3
2 12 47
5985 5986 1
6
4 20 56 92 123 119
2328 2329 1
5
145 109 73 37 9
6210 6211 1
5
2 12 48 84 120
7980 7981 1
5
118 122 130 138 144
2475 2476 1
5
8 31 23 15 11
3150 3151 1
3
39 36 74
6048 6049 1
3
2 12 47
861 862 1
5
145 109 73 37 38
876 877 1
7
8 36 72 103 95 87 83
4188 4189 1
3
8 36 74
3195 3196 1
9
145 109 73 37 31 28 64 100 136
6345 6346 1
2
118 120
6930 6931 1
4
118 122 130 136
7200 7201 1
3
118 122 128
5580 5581 1
8
10 14 22 28 64 95 87 83
9300 9301 1
8
10 14 20 56 87 49 13 3
4293 4294 1
3
2 12 47
1845 1846 1
5
8 36 72 108 144
8010 8011 1
2
2 11
351 352 1
3
137 138 144
9270 9271 1
3
2 12 47
1410 1411 1
8
39 31 23 20 58 29 30 38
6180 6181 1
4
39 31 23 5
10590 10591 1
4
4 22 30 38
7020 7021 1
5
137 101 65 29 7
8814 8815 1
7
137 101 95 57 21 15 11
816 817 1
5
8 31 23 15 11
2925 2926 1
2
145 146
7515 7516 1
5
145 109 73 37 9
9900 9901 1
4
118 122 130 136
8220 8221 1
3
4 15 11
1260 1261 1
4
2 12 48 83
3168 3169 1
5
8 36 67 29 7
1764 1765 1
3
145 109 110
1992 1993 1
4
137 101 102 110
8820 8821 1
5
8 36 67 29 30
3285 3286 1
3
145 109 110
2490 2491 1
3
2 12 47
10440 10441 1
4
118 122 130 136
2640 2641 1
5
2 12 48 84 120
2370 2371 1
4
2 14 22 7
8217 8218 1
2
2 11
7902 7903 1
4
118 122 130 136
1053 1054 1
5
39 31 23 15 11
897 898 1
5
10 12 48 84 119
2880 2881 1
4
137 101 102 110
5175 5176 1
2
118 120
7905 7906 1
5
8 31 23 15 11
10422 10423 1
3
145 109 110
7821 7822 1
11
2 12 48 84 122 130 138 109 73 37 9
4815 4816 1
5
10 14 22 30 38
1494 1495 1
7
2 14 22 28 64 100 136
9915 9916 1
2
8 38
1572 1573 1
5
129 93 94 102 110
1860 1861 1
4
145 109 73 74
2178 2179 1
6
10 12 50 56 92 128
7725 7726 1
5
8 36 72 108 144
3210 3211 1
2
145 146
1812 1813 1
4
145 109 73 74
1020 1021 1
3
8 36 74
8262 8263 1
12
8 36 72 108 139 131 93 57 51 13 14 5
2664 2665 1
6
137 131 93 57 21 5
8085 8086 1
5
8 36 67 29 30
7776 7777 1
5
4 20 56 92 128
204 205 1
4
8 31 23 5
9210 9211 1
4
145 109 73 74
5538 5539 1
5
137 101 65 29 7
1386 1387 1
3
2 12 47
2142 2143 1
6
8 36 72 108 139 136
6750 6751 1
5
137 101 65 66 74
6741 6742 1
3
145 109 110
1152 1153 1
3
4 15 3
6507 6508 1
4
39 31 23 5
4617 4618 1
6
137 101 95 57 21 5
2556 2557 1
10
8 36 72 103 95 57 21 22 30 38
6975 6976 1
3
137 138 146
4512 4513 1
5
8 31 23 15 11
7980 7981 1
5
8 36 72 108 144
10560 10561 1
2
8 38
36 37 1
6
8 36 67 64 100 136
9120 9121 1
5
145 109 73 37 9
345 346 1
3
39 31 7
5490 5491 1
10
129 93 87 49 50 58 29 23 15 3
9660 9661 1
5
39 31 23 15 3
1665 1666 1
5
10 12 48 84 120
6444 6445 1
3
8 31 7
2205 2206 1
8
129 93 57 21 22 28 64 95
3390 3391 1
2
2 11
8700 8701 1
5
4 20 56 92 128
1920 1921 1
3
2 12 47
4740 4741 1
2
145 146
8796 8797 1
2
145 146
5676 5677 1
6
137 101 65 29 30 38
1404 1405 1
5
2 12 48 84 120
3540 3541 1
3
2 12 47
10332 10333 1
5
145 109 73 37 9
2835 2836 1
6
2 12 50 58 66 74
2124 2125 1
4
8 31 23 5
