32
30.0 119.99169293528739 1 0
30.005395596804004 119.99169293528739 2 0
30.010791193608007 119.99169293528739 3 0
30.01618679041201 119.99169293528739 4 0
29.994604403195996 120.0 5 0
30.0 120.0 6 1
30.005395596804004 120.0 7 1
30.010791193608007 120.0 8 1
30.01618679041201 120.0 9 1
30.021582387216014 120.0 10 0
29.994604403195996 120.00830706471261 11 0
30.0 120.00830706471261 12 1
30.005395596804004 120.00830706471261 13 1
30.010791193608007 120.00830706471261 14 1
30.01618679041201 120.00830706471261 15 1
30.021582387216014 120.00830706471261 16 0
29.994604403195996 120.01661412942522 17 0
30.0 120.01661412942522 18 1
30.005395596804004 120.01661412942522 19 1
30.010791193608007 120.01661412942522 20 1
30.01618679041201 120.01661412942522 21 1
30.021582387216014 120.01661412942522 22 0
29.994604403195996 120.02492119413785 23 0
30.0 120.02492119413785 24 1
30.005395596804004 120.02492119413785 25 1
30.010791193608007 120.02492119413785 26 1
30.01618679041201 120.02492119413785 27 1
30.021582387216014 120.02492119413785 28 0
30.0 120.03322825885046 29 0
30.005395596804004 120.03322825885046 30 0
30.010791193608007 120.03322825885046 31 0
30.01618679041201 120.03322825885046 32 0
40
1 6 923.7604307030972 16.67 3 3 2 3
1 0 0 0 1 0 0 0 1
1 0 0 0 1 0 0 0 1
2 7 923.7604307030972 16.67 3 3 4 5
1 0 0 0 1 0 0 0 1
1 0 0 0 1 0 0 0 1
3 8 923.7604307030972 16.67 3 3 6 7
1 0 0 0 1 0 0 0 1
1 0 0 0 1 0 0 0 1
4 9 923.7604307030972 16.67 3 3 8 9
1 0 0 0 1 0 0 0 1
1 0 0 0 1 0 0 0 1
5 6 519.6434912454287 16.67 3 3 10 11
1 0 0 0 1 0 0 0 1
1 0 0 0 1 0 0 0 1
6 12 923.7604307030972 16.67 3 3 12 13
1 0 0 0 1 0 0 0 1
1 0 0 0 1 0 0 0 1
6 7 519.615242270685 16.67 3 3 14 15
1 0 0 0 1 0 0 0 1
1 0 0 0 1 0 0 0 1
7 13 923.7604307030972 16.67 3 3 20 21
1 0 0 0 1 0 0 0 1
1 0 0 0 1 0 0 0 1
7 8 519.5869886879083 16.67 3 3 22 23
1 0 0 0 1 0 0 0 1
1 0 0 0 1 0 0 0 1
8 14 923.7604307030972 16.67 3 3 28 29
1 0 0 0 1 0 0 0 1
1 0 0 0 1 0 0 0 1
8 9 519.5587304973488 16.67 3 3 30 31
1 0 0 0 1 0 0 0 1
1 0 0 0 1 0 0 0 1
9 15 923.7604307030972 16.67 3 3 36 37
1 0 0 0 1 0 0 0 1
1 0 0 0 1 0 0 0 1
9 10 519.5304676992574 16.67 3 3 38 39
1 0 0 0 1 0 0 0 1
1 0 0 0 1 0 0 0 1
11 12 519.6434912454287 16.67 3 3 46 47
1 0 0 0 1 0 0 0 1
1 0 0 0 1 0 0 0 1
12 18 923.7604307030972 16.67 3 3 48 49
1 0 0 0 1 0 0 0 1
1 0 0 0 1 0 0 0 1
12 13 519.615242270685 16.67 3 3 50 51
1 0 0 0 1 0 0 0 1
1 0 0 0 1 0 0 0 1
13 19 923.7604307030972 16.67 3 3 56 57
1 0 0 0 1 0 0 0 1
1 0 0 0 1 0 0 0 1
13 14 519.5869886879083 16.67 3 3 58 59
1 0 0 0 1 0 0 0 1
1 0 0 0 1 0 0 0 1
14 20 923.7604307030972 16.67 3 3 64 65
1 0 0 0 1 0 0 0 1
1 0 0 0 1 0 0 0 1
14 15 519.5587304973488 16.67 3 3 66 67
1 0 0 0 1 0 0 0 1
1 0 0 0 1 0 0 0 1
15 21 923.7604307030972 16.67 3 3 72 73
1 0 0 0 1 0 0 0 1
1 0 0 0 1 0 0 0 1
15 16 519.5304676992574 16.67 3 3 74 75
1 0 0 0 1 0 0 0 1
1 0 0 0 1 0 0 0 1
17 18 519.6434912454287 16.67 3 3 82 83
1 0 0 0 1 0 0 0 1
1 0 0 0 1 0 0 0 1
18 24 923.7604307046776 16.67 3 3 84 85
1 0 0 0 1 0 0 0 1
1 0 0 0 1 0 0 0 1
18 19 519.615242270685 16.67 3 3 86 87
1 0 0 0 1 0 0 0 1
1 0 0 0 1 0 0 0 1
19 25 923.7604307046776 16.67 3 3 92 93
1 0 0 0 1 0 0 0 1
1 0 0 0 1 0 0 0 1
19 20 519.5869886879083 16.67 3 3 94 95
1 0 0 0 1 0 0 0 1
1 0 0 0 1 0 0 0 1
20 26 923.7604307046776 16.67 3 3 100 101
1 0 0 0 1 0 0 0 1
1 0 0 0 1 0 0 0 1
20 21 519.5587304973488 16.67 3 3 102 103
1 0 0 0 1 0 0 0 1
1 0 0 0 1 0 0 0 1
21 27 923.7604307046776 16.67 3 3 108 109
1 0 0 0 1 0 0 0 1
1 0 0 0 1 0 0 0 1
21 22 519.5304676992574 16.67 3 3 110 111
1 0 0 0 1 0 0 0 1
1 0 0 0 1 0 0 0 1
23 24 519.6434912454287 16.67 3 3 118 119
1 0 0 0 1 0 0 0 1
1 0 0 0 1 0 0 0 1
24 29 923.7604307030972 16.67 3 3 120 121
1 0 0 0 1 0 0 0 1
1 0 0 0 1 0 0 0 1
24 25 519.615242270685 16.67 3 3 122 123
1 0 0 0 1 0 0 0 1
1 0 0 0 1 0 0 0 1
25 30 923.7604307030972 16.67 3 3 128 129
1 0 0 0 1 0 0 0 1
1 0 0 0 1 0 0 0 1
25 26 519.5869886879083 16.67 3 3 130 131
1 0 0 0 1 0 0 0 1
1 0 0 0 1 0 0 0 1
26 31 923.7604307030972 16.67 3 3 136 137
1 0 0 0 1 0 0 0 1
1 0 0 0 1 0 0 0 1
26 27 519.5587304973488 16.67 3 3 138 139
1 0 0 0 1 0 0 0 1
1 0 0 0 1 0 0 0 1
27 32 923.7604307030972 16.67 3 3 144 145
1 0 0 0 1 0 0 0 1
1 0 0 0 1 0 0 0 1
27 28 519.5304676992574 16.67 3 3 146 147
1 0 0 0 1 0 0 0 1
1 0 0 0 1 0 0 0 1
16
6 12 14 3 11
7 20 22 5 15
8 28 30 7 23
9 36 38 9 31
12 48 50 13 47
13 56 58 21 51
14 64 66 29 59
15 72 74 37 67
18 84 86 49 83
19 92 94 57 87
20 100 102 65 95
21 108 110 73 103
24 120 122 85 119
25 128 130 93 123
26 136 138 101 131
27 144 146 109 139
