curr time	start	end	position
0:3	1286	909	0
0:4	1286	909	4.66559
0:5	1286	909	9.33117
0:6	1286	909	13.9968
0:7	1286	909	18.6623
0:8	1286	909	23.3279
0:9	1286	909	27.9935
0:10	1286	909	32.6591
0:11	1286	909	37.3247
0:12	1286	909	41.9903
0:13	1286	909	46.6559
0:14	1286	909	51.3214
0:15	1286	909	55.987
0:16	1286	909	60.6526
0:17	1286	909	65.3182
0:18	1286	909	69.9838
0:19	1286	909	74.6494
0:20	1286	909	79.315
0:21	1286	909	83.9805
0:22	1286	909	88.6461
0:23	1286	909	93.3117
0:24	1286	909	97.9773
0:25	1286	909	102.643
0:26	1286	909	107.308
0:27	1286	909	111.974
0:28	1286	909	116.64
0:29	1286	909	121.305
0:30	1286	909	125.971
0:31	1286	909	130.636
0:32	1286	909	135.302
0:33	1286	909	139.968
0:34	1286	909	144.633
0:35	1286	909	149.299
0:36	1286	909	153.964
0:37	1286	909	158.63
0:38	1286	909	163.296
0:39	1286	909	167.961
0:40	1286	909	172.627
0:41	1286	909	177.292
0:42	1286	909	181.958
0:43	1286	909	186.623
0:44	1286	909	191.289
0:45	1286	909	195.955
0:46	1286	909	200.62
0:47	1286	909	205.286
0:48	1286	909	209.951
0:49	1286	909	214.617
0:50	1286	909	219.283
0:51	1286	909	223.948
0:52	1286	909	228.614
0:53	1286	909	233.279
0:54	1286	909	237.945
0:55	1286	909	242.61
0:56	1286	909	247.276
0:57	1286	909	251.942
0:58	1286	909	256.607
0:59	1286	909	261.273
1:0	1286	909	265.938
1:1	1286	909	270.604
1:2	1286	909	275.27
1:3	1286	909	279.935
1:4	1286	909	284.601
1:5	1286	909	289.266
1:6	1286	909	293.932
1:7	1286	909	298.598
1:8	1286	909	303.263
1:9	1286	909	307.929
1:10	1286	909	312.594
1:11	1286	909	317.26
1:12	1286	909	321.925
1:13	1286	909	326.591
1:14	1286	909	331.257
1:15	1286	909	335.922
1:16	1286	909	340.588
1:17	1286	909	345.253
1:18	1286	909	349.919
1:19	1286	909	354.585
1:20	1286	909	359.25
1:21	1286	909	363.916
1:22	1286	909	368.581
1:23	1286	909	373.247
1:24	1286	909	377.912
1:25	1286	909	382.578
1:26	1286	909	387.244
1:27	1286	909	391.909
1:28	1286	909	396.575
1:29	1286	909	401.24
1:30	1286	909	405.906
1:31	1286	909	410.572
1:32	1286	909	415.237
1:33	1286	909	419.903
1:34	1286	909	424.568
1:35	1286	909	429.234
1:36	1286	909	433.9
1:37	1286	909	438.565
1:38	1286	909	443.231
1:39	1286	909	447.896
1:40	1286	909	452.562
1:41	1286	909	457.227
1:42	1286	909	461.893
1:43	1286	909	466.559
1:44	1286	909	471.224
1:45	1286	909	475.89
1:46	1286	909	480.555
1:47	1286	909	485.221
1:48	1286	909	489.887
1:49	1286	909	494.552
1:50	1286	909	499.218
1:51	1286	909	503.883
1:52	1286	909	508.549
1:53	1286	909	513.214
1:54	1286	909	517.88
1:55	1286	909	522.546
1:56	1286	909	527.211
1:57	1286	909	531.877
1:58	1286	909	536.542
1:59	1286	909	541.208
2:0	1286	909	545.874
2:1	1286	909	550.539
2:2	1286	909	555.205
2:3	1286	909	559.87
2:4	1286	909	564.536
2:5	1286	909	569.201
2:6	1286	909	573.867
2:7	1286	909	578.533
2:8	1286	909	583.198
2:9	1286	909	587.864
2:10	1286	909	592.529
2:11	1286	909	597.195
2:12	1286	909	601.861
2:13	1286	909	606.526
2:14	1286	909	611.192
2:15	1286	909	615.857
2:16	1286	909	620.523
2:17	1286	909	625.189
2:18	1286	909	629.854
2:19	1286	909	634.52
2:20	1286	909	639.185
2:21	1286	909	643.851
2:22	1286	909	648.516
2:23	1286	909	653.182
2:24	1286	909	657.848
2:25	1286	909	662.513
2:26	1286	909	667.179
2:27	1286	909	671.844
2:28	1286	909	676.51
2:29	1286	909	681.176
2:30	1286	909	685.841
2:31	1286	909	690.507
2:32	1286	909	695.172
2:33	1286	909	699.838
2:34	1286	909	704.503
2:35	1286	909	709.169
2:36	1286	909	713.835
2:37	1286	909	718.5
2:38	1286	909	723.166
2:39	1286	909	727.831
2:40	1286	909	732.497
2:41	1286	909	737.163
2:42	1286	909	741.828
2:43	1286	909	746.494
2:44	1286	909	751.159
2:45	1286	909	755.825
2:46	1286	909	760.491
2:47	1286	909	765.156
2:48	1286	909	769.822
2:49	1286	909	774.487
2:50	1286	909	779.153
2:51	1286	909	783.818
2:52	1286	909	788.484
2:53	1286	909	793.15
2:54	1286	909	797.815
2:55	1286	909	802.481
2:56	1286	909	807.146
2:57	1286	909	811.812
2:58	1286	909	816.478
2:59	1286	909	821.143
3:0	1286	909	825.809
3:1	1286	909	830.474
3:2	1286	909	835.14
3:3	1286	909	839.805
3:4	1286	909	844.471
3:5	1286	909	849.137
3:6	1286	909	853.802
3:7	1286	909	858.468
3:8	1286	909	863.133
3:9	1286	909	867.799
3:10	1286	909	872.465
3:11	1286	909	877.13
3:12	1286	909	881.796
3:13	1286	909	886.461
3:14	1286	909	891.127
3:15	1286	909	895.793
3:16	1286	909	900.458
3:17	1286	909	905.124
3:18	1286	909	909.789
3:19	1286	909	914.455
3:20	1286	909	919.12
3:21	909	911	0
3:22	909	911	4.66559
3:23	909	911	9.33117
3:24	909	911	13.9968
3:25	909	911	18.6623
3:26	909	911	23.3279
3:27	909	911	27.9935
3:28	909	911	32.6591
3:29	909	911	37.3247
3:30	909	911	41.9903
3:31	909	911	46.6559
3:32	909	911	51.3214
3:33	909	911	55.987
3:34	909	911	60.6526
3:35	909	911	65.3182
3:36	909	911	69.9838
3:37	909	911	74.6494
3:38	909	911	79.315
3:39	909	911	83.9805
3:40	909	911	88.6461
3:41	909	911	93.3117
3:42	909	911	97.9773
3:43	909	911	102.643
3:44	909	911	107.308
3:45	909	911	111.974
3:46	909	911	116.64
3:47	909	911	121.305
3:48	909	911	125.971
3:49	909	911	130.636
3:50	909	911	135.302
3:51	909	911	139.968
3:52	909	911	144.633
3:53	909	911	149.299
3:54	909	911	153.964
3:55	909	911	158.63
3:56	909	911	163.296
3:57	909	911	167.961
3:58	909	911	172.627
3:59	909	911	177.292
4:0	909	911	181.958
4:1	909	911	186.623
4:2	909	911	191.289
4:3	909	911	195.955
4:4	909	911	200.62
4:5	909	911	205.286
4:6	909	911	209.951
4:7	909	911	214.617
4:8	909	911	219.283
4:9	909	911	223.948
4:10	909	911	228.614
4:11	909	911	233.279
4:12	909	911	237.945
4:13	909	911	242.61
4:14	909	911	247.276
4:15	909	911	251.942
4:16	909	911	256.607
4:17	909	911	261.273
4:18	909	911	265.938
4:19	909	911	270.604
4:20	909	911	275.27
4:21	909	911	279.935
4:22	909	911	284.601
4:23	909	911	289.266
4:24	909	911	293.932
4:25	909	911	298.598
4:26	909	911	303.263
4:27	909	911	307.929
4:28	909	911	312.594
4:29	909	911	317.26
4:30	909	911	321.925
4:31	909	911	326.591
4:32	909	911	331.257
4:33	909	911	335.922
4:34	909	911	340.588
4:35	909	911	345.253
4:36	909	911	349.919
4:37	909	911	354.585
4:38	909	911	359.25
4:39	909	911	363.916
4:40	909	911	368.581
4:41	909	911	373.247
4:42	909	911	377.912
4:43	909	911	382.578
4:44	909	911	387.244
4:45	909	911	391.909
4:46	909	911	396.575
4:47	911	910	0
4:48	911	910	4.66559
4:49	911	910	9.33117
4:50	911	910	13.9968
4:51	911	910	18.6623
4:52	911	910	23.3279
4:53	911	910	27.9935
4:54	911	910	32.6591
4:55	911	910	37.3247
4:56	911	910	41.9903
4:57	911	910	46.6559
4:58	911	910	51.3214
4:59	911	910	55.987
5:0	911	910	60.6526
5:1	911	910	65.3182
5:2	911	910	69.9838
5:3	911	910	74.6494
5:4	911	910	79.315
5:5	911	910	83.9805
5:6	911	910	88.6461
5:7	911	910	93.3117
5:8	911	910	97.9773
5:9	911	910	102.643
5:10	911	910	107.308
5:11	911	910	111.974
5:12	911	910	116.64
5:13	911	910	121.305
5:14	911	910	125.971
5:15	911	910	130.636
5:16	911	910	135.302
5:17	911	910	139.968
5:18	911	910	144.633
5:19	910	905	0
5:20	910	905	4.66559
5:21	910	905	9.33117
5:22	910	905	13.9968
5:23	910	905	18.6623
5:24	910	905	23.3279
5:25	910	905	27.9935
5:26	910	905	32.6591
5:27	910	905	37.3247
5:28	910	905	41.9903
5:29	910	905	46.6559
5:30	910	905	51.3214
5:31	910	905	55.987
5:32	910	905	60.6526
5:33	910	905	65.3182
5:34	910	905	69.9838
5:35	910	905	74.6494
5:36	910	905	79.315
5:37	910	905	83.9805
5:38	905	1292	0
5:39	905	1292	4.66559
5:40	905	1292	9.33117
5:41	905	1292	13.9968
5:42	905	1292	18.6623
5:43	905	1292	23.3279
5:44	905	1292	27.9935
5:45	905	1292	32.6591
5:46	905	1292	37.3247
5:47	905	1292	41.9903
5:48	905	1292	46.6559
5:49	905	1292	51.3214
5:50	905	1292	55.987
5:51	905	1292	60.6526
5:52	905	1292	65.3182
5:53	905	1292	69.9838
5:54	905	1292	74.6494
5:55	905	1292	79.315
5:56	905	1292	83.9805
5:57	905	1292	88.6461
5:58	905	1292	93.3117
5:59	905	1292	97.9773
6:0	905	1292	102.643
6:1	905	1292	107.308
6:2	905	1292	111.974
6:3	905	1292	116.64
6:4	905	1292	121.305
6:5	905	1292	125.971
6:6	905	1292	130.636
6:7	905	1292	135.302
6:8	905	1292	139.968
6:9	905	1292	144.633
6:10	905	1292	149.299
6:11	905	1292	153.964
6:12	905	1292	158.63
6:13	905	1292	163.296
6:14	905	1292	167.961
6:15	1292	376	0
6:16	1292	376	4.66559
6:17	1292	376	9.33117
6:18	1292	376	13.9968
6:19	1292	376	18.6623
6:20	1292	376	23.3279
6:21	1292	376	27.9935
6:22	1292	376	32.6591
6:23	1292	376	37.3247
6:24	1292	376	41.9903
6:25	1292	376	46.6559
6:26	1292	376	51.3214
6:27	1292	376	55.987
6:28	1292	376	60.6526
6:29	1292	376	65.3182
6:30	1292	376	69.9838
6:31	1292	376	74.6494
6:32	1292	376	79.315
6:33	1292	376	83.9805
6:34	1292	376	88.6461
6:35	1292	376	93.3117
6:36	1292	376	97.9773
6:37	1292	376	102.643
6:38	1292	376	107.308
6:39	1292	376	111.974
6:40	1292	376	116.64
6:41	1292	376	121.305
6:42	1292	376	125.971
6:43	1292	376	130.636
6:44	1292	376	135.302
6:45	1292	376	139.968
6:46	1292	376	144.633
6:47	1292	376	149.299
6:48	1292	376	153.964
6:49	1292	376	158.63
6:50	1292	376	163.296
6:51	1292	376	167.961
6:52	1292	376	172.627
6:53	1292	376	177.292
6:54	1292	376	181.958
6:55	1292	376	186.623
6:56	1292	376	191.289
6:57	1292	376	195.955
6:58	1292	376	200.62
6:59	1292	376	205.286
7:0	1292	376	209.951
7:1	1292	376	214.617
7:2	1292	376	219.283
7:3	1292	376	223.948
7:4	1292	376	228.614
7:5	1292	376	233.279
7:6	1292	376	237.945
7:7	1292	376	242.61
7:8	1292	376	247.276
7:9	1292	376	251.942
7:10	1292	376	256.607
7:11	1292	376	261.273
7:12	1292	376	265.938
7:13	1292	376	270.604
7:14	1292	376	275.27
7:15	1292	376	279.935
7:16	1292	376	284.601
7:17	1292	376	289.266
7:18	1292	376	293.932
7:19	1292	376	298.598
7:20	1292	376	303.263
7:21	1292	376	307.929
7:22	1292	376	312.594
7:23	1292	376	317.26
7:24	1292	376	321.925
7:25	1292	376	326.591
7:26	1292	376	331.257
7:27	1292	376	335.922
7:28	1292	376	340.588
7:29	1292	376	345.253
7:30	1292	376	349.919
7:31	1292	376	354.585
7:32	1292	376	359.25
7:33	1292	376	363.916
7:34	1292	376	368.581
7:35	1292	376	373.247
7:36	1292	376	377.912
7:37	1292	376	382.578
7:38	1292	376	387.244
7:39	1292	376	391.909
7:40	1292	376	396.575
7:41	1292	376	401.24
7:42	1292	376	405.906
7:43	1292	376	410.572
7:44	1292	376	415.237
7:45	1292	376	419.903
7:46	1292	376	424.568
7:47	1292	376	429.234
7:48	1292	376	433.9
7:49	1292	376	438.565
7:50	1292	376	443.231
7:51	1292	376	447.896
7:52	1292	376	452.562
7:53	1292	376	457.227
7:54	1292	376	461.893
7:55	1292	376	466.559
7:56	1292	376	471.224
7:57	1292	376	475.89
7:58	1292	376	480.555
7:59	1292	376	485.221
8:0	1292	376	489.887
8:1	1292	376	494.552
8:2	1292	376	499.218
8:3	1292	376	503.883
8:4	1292	376	508.549
8:5	1292	376	513.214
8:6	1292	376	517.88
8:7	1292	376	522.546
8:8	1292	376	527.211
8:9	1292	376	531.877
8:10	1292	376	536.542
8:11	1292	376	541.208
8:12	1292	376	545.874
8:13	1292	376	550.539
8:14	1292	376	555.205
8:15	1292	376	559.87
8:16	1292	376	564.536
8:17	1292	376	569.201
8:18	1292	376	573.867
8:19	1292	376	578.533
8:20	1292	376	583.198
8:21	376	1400	0
8:22	376	1400	4.66559
8:23	376	1400	9.33117
8:24	376	1400	13.9968
8:25	376	1400	18.6623
8:26	376	1400	23.3279
8:27	376	1400	27.9935
8:28	376	1400	32.6591
8:29	376	1400	37.3247
8:30	376	1400	41.9903
8:31	376	1400	46.6559
8:32	376	1400	51.3214
8:33	376	1400	55.987
8:34	376	1400	60.6526
8:35	376	1400	65.3182
8:36	376	1400	69.9838
8:37	376	1400	74.6494
8:38	376	1400	79.315
8:39	376	1400	83.9805
8:40	376	1400	88.6461
8:41	376	1400	93.3117
8:42	376	1400	97.9773
8:43	376	1400	102.643
8:44	376	1400	107.308
8:45	376	1400	111.974
8:46	376	1400	116.64
8:47	376	1400	121.305
8:48	1400	220	0
8:49	1400	220	4.66559
8:50	1400	220	9.33117
8:51	1400	220	13.9968
8:52	1400	220	18.6623
8:53	1400	220	23.3279
8:54	1400	220	27.9935
8:55	1400	220	32.6591
8:56	1400	220	37.3247
8:57	1400	220	41.9903
8:58	1400	220	46.6559
8:59	1400	220	51.3214
9:0	1400	220	55.987
9:1	1400	220	60.6526
9:2	1400	220	65.3182
9:3	1400	220	69.9838
9:4	1400	220	74.6494
9:5	1400	220	79.315
9:6	1400	220	83.9805
9:7	1400	220	88.6461
9:8	1400	220	93.3117
9:9	1400	220	97.9773
9:10	1400	220	102.643
9:11	1400	220	107.308
9:12	1400	220	111.974
9:13	1400	220	116.64
9:14	1400	220	121.305
9:15	1400	220	125.971
9:16	1400	220	130.636
9:17	1400	220	135.302
9:18	1400	220	139.968
9:19	1400	220	144.633
9:20	1400	220	149.299
9:21	1400	220	153.964
9:22	1400	220	158.63
9:23	1400	220	163.296
9:24	1400	220	167.961
9:25	1400	220	172.627
9:26	1400	220	177.292
9:27	1400	220	181.958
9:28	1400	220	186.623
9:29	1400	220	191.289
9:30	1400	220	195.955
9:31	1400	220	200.62
9:32	1400	220	205.286
9:33	1400	220	209.951
9:34	1400	220	214.617
9:35	1400	220	219.283
9:31	220	1400	0
9:32	220	1400	8.15401
9:33	220	1400	16.308
9:34	220	1400	24.462
9:35	220	1400	32.616
9:36	220	1400	40.77
9:37	220	1400	48.9241
9:38	220	1400	57.0781
9:39	220	1400	65.2321
9:40	220	1400	73.3861
9:41	220	1400	81.5401
9:42	220	1400	89.6941
9:43	220	1400	97.8481
9:44	220	1400	106.002
9:45	220	1400	114.156
9:46	220	1400	122.31
9:47	220	1400	130.464
9:48	220	1400	138.618
9:49	220	1400	146.772
9:50	220	1400	154.926
9:51	220	1400	163.08
9:52	220	1400	171.234
9:53	220	1400	179.388
9:54	220	1400	187.542
9:55	220	1400	195.696
9:56	220	1400	203.85
9:57	220	1400	212.004
9:58	1400	376	0
9:59	1400	376	8.15401
10:0	1400	376	16.308
10:1	1400	376	24.462
10:2	1400	376	32.616
10:3	1400	376	40.77
10:4	1400	376	48.9241
10:5	1400	376	57.0781
10:6	1400	376	65.2321
10:7	1400	376	73.3861
10:8	1400	376	81.5401
10:9	1400	376	89.6941
10:10	1400	376	97.8481
10:11	1400	376	106.002
10:12	1400	376	114.156
10:13	1400	376	122.31
10:14	376	1292	0
10:15	376	1292	8.15401
10:16	376	1292	16.308
10:17	376	1292	24.462
10:18	376	1292	32.616
10:19	376	1292	40.77
10:20	376	1292	48.9241
10:21	376	1292	57.0781
10:22	376	1292	65.2321
10:23	376	1292	73.3861
10:24	376	1292	81.5401
10:25	376	1292	89.6941
10:26	376	1292	97.8481
10:27	376	1292	106.002
10:28	376	1292	114.156
10:29	376	1292	122.31
10:30	376	1292	130.464
10:31	376	1292	138.618
10:32	376	1292	146.772
10:33	376	1292	154.926
10:34	376	1292	163.08
10:35	376	1292	171.234
10:36	376	1292	179.388
10:37	376	1292	187.542
10:38	376	1292	195.696
10:39	376	1292	203.85
10:40	376	1292	212.004
10:41	376	1292	220.158
10:42	376	1292	228.312
10:43	376	1292	236.466
10:44	376	1292	244.62
10:45	376	1292	252.774
10:46	376	1292	260.928
10:47	376	1292	269.082
10:48	376	1292	277.236
10:49	376	1292	285.39
10:50	376	1292	293.544
10:51	376	1292	301.698
10:52	376	1292	309.852
10:53	376	1292	318.006
10:54	376	1292	326.16
10:55	376	1292	334.314
10:56	376	1292	342.468
10:57	376	1292	350.622
10:58	376	1292	358.776
10:59	376	1292	366.93
11:0	376	1292	375.084
11:1	376	1292	383.238
11:2	376	1292	391.392
11:3	376	1292	399.546
11:4	376	1292	407.7
11:5	376	1292	415.854
11:6	376	1292	424.008
11:7	376	1292	432.162
11:8	376	1292	440.316
11:9	376	1292	448.47
11:10	376	1292	456.624
11:11	376	1292	464.779
11:12	376	1292	472.933
11:13	376	1292	481.087
11:14	376	1292	489.241
11:15	376	1292	497.395
11:16	376	1292	505.549
11:17	376	1292	513.703
11:18	376	1292	521.857
11:19	376	1292	530.011
11:20	376	1292	538.165
11:21	376	1292	546.319
11:22	376	1292	554.473
11:23	376	1292	562.627
11:24	376	1292	570.781
11:25	376	1292	578.935
11:26	1292	905	0
11:27	1292	905	8.15401
11:28	1292	905	16.308
11:29	1292	905	24.462
11:30	1292	905	32.616
11:31	1292	905	40.77
11:32	1292	905	48.9241
11:33	1292	905	57.0781
11:34	1292	905	65.2321
11:35	1292	905	73.3861
11:36	1292	905	81.5401
11:37	1292	905	89.6941
11:38	1292	905	97.8481
11:39	1292	905	106.002
11:40	1292	905	114.156
11:41	1292	905	122.31
11:42	1292	905	130.464
11:43	1292	905	138.618
11:44	1292	905	146.772
11:45	1292	905	154.926
11:46	1292	905	163.08
11:47	905	910	0
11:48	905	910	8.15401
11:49	905	910	16.308
11:50	905	910	24.462
11:51	905	910	32.616
11:52	905	910	40.77
11:53	905	910	48.9241
11:54	905	910	57.0781
11:55	905	910	65.2321
11:56	905	910	73.3861
11:57	905	910	81.5401
11:58	910	911	0
11:59	910	911	8.15401
12:0	910	911	16.308
12:1	910	911	24.462
12:2	910	911	32.616
12:3	910	911	40.77
12:4	910	911	48.9241
12:5	910	911	57.0781
12:6	910	911	65.2321
12:7	910	911	73.3861
12:8	910	911	81.5401
12:9	910	911	89.6941
12:10	910	911	97.8481
12:11	910	911	106.002
12:12	910	911	114.156
12:13	910	911	122.31
12:14	910	911	130.464
12:15	910	911	138.618
12:16	910	911	146.772
12:17	911	909	0
12:18	911	909	8.15401
12:19	911	909	16.308
12:20	911	909	24.462
12:21	911	909	32.616
12:22	911	909	40.77
12:23	911	909	48.9241
12:24	911	909	57.0781
12:25	911	909	65.2321
12:26	911	909	73.3861
12:27	911	909	81.5401
12:28	911	909	89.6941
12:29	911	909	97.8481
12:30	911	909	106.002
12:31	911	909	114.156
12:32	911	909	122.31
12:33	911	909	130.464
12:34	911	909	138.618
12:35	911	909	146.772
12:36	911	909	154.926
12:37	911	909	163.08
12:38	911	909	171.234
12:39	911	909	179.388
12:40	911	909	187.542
12:41	911	909	195.696
12:42	911	909	203.85
12:43	911	909	212.004
12:44	911	909	220.158
12:45	911	909	228.312
12:46	911	909	236.466
12:47	911	909	244.62
12:48	911	909	252.774
12:49	911	909	260.928
12:50	911	909	269.082
12:51	911	909	277.236
12:52	911	909	285.39
12:53	911	909	293.544
12:54	911	909	301.698
12:55	911	909	309.852
12:56	911	909	318.006
12:57	911	909	326.16
12:58	911	909	334.314
12:59	911	909	342.468
13:0	911	909	350.622
13:1	911	909	358.776
13:2	911	909	366.93
13:3	911	909	375.084
13:4	911	909	383.238
13:5	911	909	391.392
13:6	911	909	399.546
13:7	909	1286	0
13:8	909	1286	8.15401
13:9	909	1286	16.308
13:10	909	1286	24.462
13:11	909	1286	32.616
13:12	909	1286	40.77
13:13	909	1286	48.9241
13:14	909	1286	57.0781
13:15	909	1286	65.2321
13:16	909	1286	73.3861
13:17	909	1286	81.5401
13:18	909	1286	89.6941
13:19	909	1286	97.8481
13:20	909	1286	106.002
13:21	909	1286	114.156
13:22	909	1286	122.31
13:23	909	1286	130.464
13:24	909	1286	138.618
13:25	909	1286	146.772
13:26	909	1286	154.926
13:27	909	1286	163.08
13:28	909	1286	171.234
13:29	909	1286	179.388
13:30	909	1286	187.542
13:31	909	1286	195.696
13:32	909	1286	203.85
13:33	909	1286	212.004
13:34	909	1286	220.158
13:35	909	1286	228.312
13:36	909	1286	236.466
13:37	909	1286	244.62
13:38	909	1286	252.774
13:39	909	1286	260.928
13:40	909	1286	269.082
13:41	909	1286	277.236
13:42	909	1286	285.39
13:43	909	1286	293.544
13:44	909	1286	301.698
13:45	909	1286	309.852
13:46	909	1286	318.006
13:47	909	1286	326.16
13:48	909	1286	334.314
13:49	909	1286	342.468
13:50	909	1286	350.622
13:51	909	1286	358.776
13:52	909	1286	366.93
13:53	909	1286	375.084
13:54	909	1286	383.238
13:55	909	1286	391.392
13:56	909	1286	399.546
13:57	909	1286	407.7
13:58	909	1286	415.854
13:59	909	1286	424.008
14:0	909	1286	432.162
14:1	909	1286	440.316
14:2	909	1286	448.47
14:3	909	1286	456.624
14:4	909	1286	464.779
14:5	909	1286	472.933
14:6	909	1286	481.087
14:7	909	1286	489.241
14:8	909	1286	497.395
14:9	909	1286	505.549
14:10	909	1286	513.703
14:11	909	1286	521.857
14:12	909	1286	530.011
14:13	909	1286	538.165
14:14	909	1286	546.319
14:15	909	1286	554.473
14:16	909	1286	562.627
14:17	909	1286	570.781
14:18	909	1286	578.935
14:19	909	1286	587.089
14:20	909	1286	595.243
14:21	909	1286	603.397
14:22	909	1286	611.551
14:23	909	1286	619.705
14:24	909	1286	627.859
14:25	909	1286	636.013
14:26	909	1286	644.167
14:27	909	1286	652.321
14:28	909	1286	660.475
14:29	909	1286	668.629
14:30	909	1286	676.783
14:31	909	1286	684.937
14:32	909	1286	693.091
14:33	909	1286	701.245
14:34	909	1286	709.399
14:35	909	1286	717.553
14:36	909	1286	725.707
14:37	909	1286	733.861
14:38	909	1286	742.015
14:39	909	1286	750.169
14:40	909	1286	758.323
14:41	909	1286	766.477
14:42	909	1286	774.631
14:43	909	1286	782.785
14:44	909	1286	790.939
14:45	909	1286	799.093
14:46	909	1286	807.247
14:47	909	1286	815.401
14:48	909	1286	823.555
14:49	909	1286	831.709
14:50	909	1286	839.863
14:51	909	1286	848.017
14:52	909	1286	856.171
14:53	909	1286	864.325
14:54	909	1286	872.479
14:55	909	1286	880.633
14:56	909	1286	888.787
14:57	909	1286	896.941
14:58	909	1286	905.095
14:59	909	1286	913.249
