34
2 5400 13
6
118 122 130 138 109 110
2 5400 13
4
86 94 102 73
3 5400 13
4
121 85 49 50
3 5400 13
5
4 15 12 48 84
1 5400 13
3
93 57 21
9 5400 13
4
129 93 57 51
1 5400 13
3
6 28 66
7 5400 13
3
65 29 7
0 5400 13
3
138 109 73
3 5400 13
7
137 101 95 57 51 13 11
3 5400 13
3
8 36 72
1 5400 13
4
75 67 29 7
1 5400 13
4
111 73 37 9
7 5400 13
5
147 139 101 95 57
5409 10800 19
5
10 14 20 56 92
5409 10800 19
3
46 50 56
5403 10800 19
3
82 84 119
5405 10800 19
6
118 85 49 50 58 66
5401 10800 19
7
2 14 20 58 64 102 110
5410 10800 19
4
12 48 84 119
5402 10800 19
6
85 49 13 14 22 30
5403 10800 19
5
121 122 130 138 146
5410 10800 19
3
4 15 3
5410 10800 19
5
58 64 102 108 146
5407 10800 19
4
87 49 13 3
5409 10800 19
3
129 123 120
5404 10800 19
5
6 30 36 72 108
5408 10800 19
4
137 101 65 29
5410 10800 19
4
67 59 51 47
5410 10800 19
3
103 95 87
5406 10800 19
4
145 139 131 128
5410 10800 19
3
75 37 31
5402 10800 19
3
111 103 95
5404 10800 19
4
147 139 131 128
