0 1 893
0 3 549
1 1 6
1 2 2
1 3 4
2 1 1431
2 2 499
2 3 493
3 1 4
3 2 0
3 3 6
4 2 1470
4 3 1468
5 1 0
5 2 6
5 3 2
6 1 808
6 2 806
6 3 804
7 1 2
7 2 4
7 3 0
8 1 1195
8 3 1257
9 1 10
9 3 12
11 2 12
11 3 8
12 1 2117
12 2 2254
13 1 8
13 2 10
14 1 442
14 2 440
14 3 438
15 1 20
15 2 16
15 3 18
16 2 460
16 3 59
17 1 18
17 2 14
17 3 20
18 1 52
18 2 48
18 3 50
19 1 14
19 2 20
19 3 16
20 1 469
20 2 1251
20 3 1250
21 1 16
21 2 18
21 3 14
22 1 344
22 2 291
22 3 342
23 1 26
23 2 28
23 3 24
25 1 22
25 2 26
25 3 28
26 2 47
27 1 28
27 2 24
27 3 22
29 1 24
29 2 22
29 3 26
30 1 32
30 2 30
30 3 34
31 1 34
31 2 31
31 3 32
32 1 41
32 2 66
32 3 68
33 1 30
33 2 34
33 3 31
34 1 46
34 2 44
34 3 43
35 1 31
35 2 32
35 3 30
36 2 54
36 3 56
37 1 38
37 2 40
37 3 42
38 1 448
38 2 49
38 3 79
39 1 40
39 2 42
39 3 36
40 1 66
40 2 68
40 3 33
41 1 42
41 2 36
41 3 38
42 1 35
42 2 46
42 3 44
43 1 36
43 2 38
43 3 40
44 2 812
44 3 335
45 1 43
45 2 35
45 3 46
46 2 27
47 1 44
47 2 43
47 3 35
48 1 79
48 2 39
48 3 448
49 1 50
49 2 19
49 3 52
50 1 478
50 2 455
50 3 443
51 1 19
51 2 52
51 3 48
52 1 65
52 2 63
52 3 70
53 1 48
53 2 50
53 3 19
54 1 334
54 2 336
54 3 338
55 1 56
55 2 37
56 2 450
56 3 449
57 1 37
57 3 54
58 1 17
58 3 460
59 1 62
59 2 60
60 1 64
61 2 58
61 3 62
62 1 70
62 2 53
62 3 65
63 1 60
63 3 58
64 1 63
64 2 70
64 3 53
65 3 61
66 1 78
67 1 68
67 2 33
67 3 41
68 1 461
69 1 33
69 2 41
69 3 66
71 1 53
71 2 65
71 3 63
73 1 74
73 2 76
73 3 77
75 1 76
75 2 77
75 3 72
76 1 72
76 2 74
76 3 76
77 1 77
77 2 72
77 3 74
78 1 39
78 2 448
78 3 49
79 3 67
80 1 151
80 2 2206
81 1 82
81 2 84
82 1 445
82 2 457
82 3 451
83 1 84
83 3 80
84 1 339
84 2 1467
84 3 155
85 2 80
85 3 82
86 1 116
86 2 120
86 3 118
87 1 88
87 2 92
87 3 90
88 1 158
88 3 156
89 1 92
89 2 90
89 3 86
90 1 2248
90 2 2245
90 3 2233
91 1 86
91 2 88
91 3 92
92 1 114
92 2 112
92 3 110
93 1 90
93 2 86
93 3 88
94 1 126
94 2 124
94 3 122
95 1 100
95 2 96
95 3 98
96 1 1658
96 3 951
97 1 98
97 2 94
97 3 100
98 1 1747
98 2 483
99 1 94
99 2 100
99 3 96
100 1 1997
100 3 1659
101 1 96
101 2 98
101 3 94
102 1 148
102 2 121
102 3 146
103 1 108
103 2 104
103 3 106
104 1 507
104 2 2238
105 1 106
105 2 102
105 3 108
106 1 164
106 2 137
106 3 166
107 1 102
107 2 108
107 3 104
108 1 508
108 2 504
108 3 506
109 1 104
109 2 106
109 3 102
110 1 1833
110 2 1679
111 1 93
111 2 114
111 3 112
112 1 1667
112 2 1955
113 1 110
113 2 93
113 3 114
114 1 1555
114 2 1657
114 3 1333
115 1 112
115 2 110
115 3 93
116 1 2232
116 2 2023
116 3 2053
117 1 120
117 2 118
117 3 87
118 1 1579
118 3 159
119 1 87
119 2 116
119 3 120
120 1 146
120 2 103
120 3 148
121 1 118
121 2 87
121 3 116
122 2 1993
122 3 1853
123 1 95
123 2 126
123 3 124
124 1 138
124 2 136
124 3 134
125 1 122
125 2 95
125 3 126
126 1 482
126 2 475
126 3 480
127 1 124
127 2 122
127 3 95
128 2 1976
128 3 1978
129 1 130
129 2 132
130 1 160
130 2 162
131 1 132
131 3 128
132 1 1465
132 2 305
132 3 983
133 2 128
133 3 130
134 1 2100
134 3 1991
135 1 125
135 2 138
135 3 136
136 1 166
136 2 107
136 3 164
137 1 134
137 2 125
137 3 138
138 1 481
138 2 954
139 1 136
139 2 134
139 3 125
140 1 787
140 2 1055
140 3 795
141 1 144
141 2 142
142 1 1781
143 2 140
143 3 144
144 1 1230
144 2 1232
144 3 1229
145 1 142
145 3 140
146 1 2052
146 2 2039
146 3 2050
147 1 103
147 2 148
147 3 121
148 1 1576
148 2 1557
148 3 1578
149 1 121
149 2 146
149 3 103
150 1 2206
150 3 81
151 1 154
151 3 152
152 1 1587
152 2 1061
152 3 1943
153 1 150
153 2 154
154 1 85
154 2 339
154 3 1467
155 2 152
155 3 150
156 1 1556
156 2 1554
157 1 89
157 2 158
158 1 119
158 2 1579
159 2 156
159 3 89
160 1 1979
160 2 2045
160 3 1583
161 1 162
161 3 131
162 1 1466
162 2 329
162 3 1464
163 2 131
163 3 160
164 1 2108
164 2 2110
165 1 137
165 2 166
165 3 107
166 1 955
166 2 1065
167 1 107
167 2 164
167 3 137
168 1 184
168 2 186
168 3 182
169 1 170
169 2 174
169 3 172
170 1 1739
170 2 395
170 3 2056
171 1 174
171 2 172
171 3 168
172 1 2080
172 2 2078
172 3 2047
173 1 168
173 2 170
173 3 174
174 1 178
174 2 176
174 3 180
175 1 172
175 2 168
175 3 170
176 1 2092
176 2 1695
176 3 2013
177 1 180
177 2 175
177 3 178
178 1 2138
178 2 1899
178 3 2093
179 1 176
179 2 180
179 3 175
180 2 1841
180 3 2081
181 1 175
181 2 178
181 3 176
182 1 1736
182 2 1705
182 3 1738
183 1 169
183 2 184
183 3 186
184 1 2046
184 2 1127
184 3 2048
185 1 186
185 2 182
185 3 169
186 1 1370
186 2 1368
187 1 182
187 2 169
187 3 184
188 2 1125
188 3 209
189 1 192
189 2 190
189 3 194
190 1 197
190 3 970
191 1 194
191 2 188
191 3 192
192 1 198
192 3 196
193 1 190
193 2 194
193 3 188
194 2 213
195 1 188
195 2 192
195 3 190
196 2 970
196 3 191
197 1 193
197 2 198
198 1 1120
198 3 1118
199 2 196
199 3 193
200 1 1837
200 3 1081
201 1 206
201 2 204
201 3 202
202 1 1124
202 2 1126
202 3 1122
203 1 200
203 2 206
203 3 204
204 1 210
204 2 212
204 3 208
205 1 202
205 2 200
205 3 206
206 1 1088
206 2 1086
207 1 204
207 2 202
207 3 200
208 1 189
208 3 1125
209 1 205
209 2 210
209 3 212
210 1 1093
210 2 1811
210 3 1121
211 1 212
211 2 208
211 3 205
212 2 195
213 1 208
213 2 205
213 3 210
214 1 234
214 3 232
215 2 218
215 3 216
216 1 278
216 3 280
217 1 214
217 3 218
218 2 229
218 3 279
219 1 216
219 2 214
220 1 2243
220 2 367
221 2 224
221 3 222
222 1 2184
222 3 2186
223 1 220
223 3 224
224 2 1099
224 3 2185
225 1 222
225 2 220
226 2 1371
226 3 2049
227 2 230
227 3 228
228 1 279
228 2 219
229 1 226
229 3 230
230 2 235
230 3 281
231 1 228
231 2 226
232 1 1719
232 2 1732
232 3 1369
233 1 215
233 2 234
234 1 281
234 2 231
235 2 232
235 3 215
237 1 240
237 2 238
237 3 242
238 1 1113
238 2 1298
238 3 247
239 1 242
239 2 236
239 3 240
240 1 1114
240 3 1112
241 1 238
241 2 242
241 3 236
242 1 1108
242 3 1110
243 1 236
243 2 240
243 3 238
244 1 1903
244 2 1869
245 1 246
245 2 248
245 3 250
246 1 239
246 2 1113
246 3 1298
247 1 248
247 2 250
247 3 244
248 2 1975
248 3 1909
249 1 250
249 2 244
249 3 246
250 1 2032
250 3 1905
251 1 244
251 2 246
251 3 248
252 1 258
252 2 260
252 3 262
253 1 256
253 2 254
254 1 2008
254 2 1771
254 3 1147
255 2 252
255 3 256
256 1 796
256 2 791
256 3 794
257 1 254
257 3 252
258 1 660
258 2 658
258 3 662
259 1 260
259 2 262
259 3 253
261 1 262
261 2 253
261 3 258
262 1 916
262 2 789
262 3 797
263 1 253
263 2 258
263 3 260
264 1 337
264 2 813
264 3 349
265 1 268
265 2 266
265 3 270
266 2 275
267 1 270
267 2 264
267 3 268
268 1 326
268 2 324
268 3 297
269 1 266
269 2 270
269 3 264
270 1 287
270 2 307
270 3 328
271 1 264
271 2 268
271 3 266
272 1 332
272 2 330
272 3 289
273 2 274
273 3 276
274 2 267
275 1 276
275 2 272
276 1 340
276 2 313
276 3 333
277 1 272
277 3 274
278 1 219
278 3 229
279 2 280
279 3 217
280 1 231
280 3 235
281 1 217
281 2 278
282 1 828
282 2 826
283 1 284
283 2 286
283 3 288
284 1 321
284 2 1883
284 3 417
285 1 286
285 2 288
285 3 282
286 1 307
286 2 328
286 3 271
287 1 288
287 2 282
287 3 284
288 1 273
288 2 332
288 3 330
289 1 282
289 2 284
289 3 286
290 1 342
290 2 23
290 3 344
291 1 292
291 2 294
291 3 296
293 1 294
293 2 296
293 3 290
295 1 296
295 2 290
295 3 292
296 1 269
296 2 326
296 3 324
297 1 290
297 2 292
297 3 294
298 2 304
298 3 306
299 2 300
299 3 302
300 2 415
300 3 420
301 1 302
301 2 298
302 2 426
302 3 319
303 1 298
303 3 300
304 1 983
304 2 133
304 3 1465
305 1 306
305 2 299
306 1 328
306 2 271
306 3 287
307 1 299
307 3 304
309 1 310
309 2 312
310 1 1685
310 2 829
310 3 331
311 1 312
311 3 308
312 1 333
312 2 277
312 3 340
313 2 308
313 3 310
314 2 2130
314 3 981
315 1 318
315 3 316
316 2 320
316 3 322
317 1 314
317 2 318
318 1 303
318 3 426
319 2 316
319 3 314
320 1 1883
320 2 417
320 3 285
321 1 322
321 2 317
322 1 2125
322 2 2132
322 3 2131
323 1 317
323 3 320
324 1 347
324 2 836
325 1 297
325 2 269
325 3 326
326 1 348
326 2 343
326 3 346
327 1 324
327 2 297
327 3 269
328 1 1464
328 2 163
328 3 1466
329 1 271
329 2 287
329 3 307
330 1 311
330 2 1685
330 3 829
331 1 289
331 2 273
331 3 332
332 1 277
332 2 340
332 3 313
333 1 330
333 2 289
333 3 273
334 1 45
334 3 812
335 1 336
335 2 338
335 3 55
336 1 813
336 2 349
336 3 265
337 1 338
337 2 55
337 3 334
338 1 1467
338 2 155
338 3 85
339 1 55
339 2 334
339 3 336
340 1 355
340 2 1487
340 3 1488
341 1 313
341 2 333
341 3 277
342 1 346
342 2 327
342 3 348
343 1 23
343 2 344
343 3 291
345 1 291
345 2 342
345 3 23
346 1 836
346 3 325
347 1 327
347 2 348
347 3 343
348 1 265
348 2 337
348 3 813
349 1 343
349 2 346
349 3 327
350 1 372
350 2 376
350 3 374
351 1 352
351 2 354
351 3 356
352 1 1482
352 2 1484
352 3 1486
353 1 354
353 2 356
353 3 350
354 1 1487
354 2 1488
354 3 341
355 1 356
355 2 350
355 3 352
356 1 1492
356 2 1490
357 1 350
357 2 352
357 3 354
359 1 360
359 2 364
359 3 362
361 1 364
361 2 362
361 3 358
362 2 1858
362 3 771
363 1 358
363 2 360
363 3 364
364 1 972
364 2 976
364 3 974
365 1 362
365 2 358
365 3 360
366 2 221
366 3 2243
367 2 368
367 3 370
368 1 1762
368 3 1760
369 1 370
369 2 366
371 1 366
371 3 368
372 1 978
373 1 376
373 2 374
373 3 351
374 1 1529
374 2 1813
374 3 1483
375 1 351
375 2 372
375 3 376
376 2 2140
377 1 374
377 2 351
377 3 372
378 1 1812
379 1 382
379 2 384
379 3 380
380 1 2024
380 2 1665
381 1 378
381 2 382
381 3 384
382 1 589
382 2 811
382 3 1859
383 1 384
383 2 380
383 3 378
384 1 1672
384 3 1674
385 1 380
385 2 378
385 3 382
386 1 727
386 2 819
386 3 1898
387 1 390
387 3 388
388 1 394
388 2 392
388 3 396
389 1 386
389 2 390
390 2 2139
390 3 2057
391 2 388
391 3 386
392 2 1704
392 3 785
393 1 396
393 2 389
393 3 394
394 1 2056
394 2 171
394 3 1739
395 1 392
395 2 396
395 3 389
396 1 509
396 2 1277
396 3 1875
397 1 389
397 2 394
397 3 392
398 2 1283
398 3 1851
399 2 400
399 3 402
400 1 404
400 3 406
401 1 402
401 2 398
402 1 407
402 2 410
402 3 408
403 1 398
403 3 400
404 2 2121
404 3 1287
405 2 406
405 3 401
406 1 410
406 2 408
406 3 403
407 1 401
407 2 404
408 1 1280
408 2 1284
408 3 1282
409 1 403
409 2 407
409 3 410
410 1 1286
410 2 1288
410 3 1290
411 1 408
411 2 403
411 3 407
412 1 416
412 3 418
413 2 414
414 1 420
414 2 301
415 2 412
416 1 285
416 2 321
416 3 1883
417 2 418
417 3 413
418 1 1885
418 2 421
419 1 413
419 2 416
420 2 419
420 3 1885
421 1 301
421 3 415
422 1 2126
422 3 2124
423 2 424
424 3 2127
425 2 422
426 1 1884
426 2 1882
427 1 319
427 2 303
428 2 436
428 3 434
429 2 430
429 3 432
430 1 452
430 3 454
431 1 432
431 2 428
432 2 962
433 1 428
433 3 430
434 1 444
434 2 446
435 1 429
435 3 436
436 1 458
436 2 456
437 1 434
437 2 429
438 1 470
438 2 472
438 3 468
439 1 15
439 2 442
439 3 440
440 1 453
440 2 474
440 3 476
441 1 438
441 2 15
441 3 442
442 1 51
442 2 478
442 3 455
443 1 440
443 2 438
443 3 15
444 1 457
444 2 451
444 3 83
445 1 446
445 3 435
446 3 939
447 2 435
447 3 444
448 1 57
448 3 450
449 1 49
449 2 79
449 3 39
450 1 83
450 2 445
450 3 457
451 1 449
451 2 57
452 1 474
452 2 476
452 3 441
453 2 454
453 3 431
454 1 443
454 2 51
454 3 478
455 1 431
455 2 452
456 1 451
456 2 83
456 3 445
457 2 437
457 3 458
458 1 963
458 3 953
459 1 456
459 3 437
460 3 69
461 1 59
461 2 17
462 1 833
462 2 1485
462 3 1664
463 1 464
463 2 466
465 1 466
465 3 462
466 1 1656
466 2 985
466 3 1654
467 2 462
467 3 464
468 1 1251
468 2 1250
468 3 21
469 1 439
469 2 470
469 3 472
470 1 956
470 2 933
470 3 958
471 1 472
471 2 468
471 3 439
472 2 816
472 3 814
473 1 468
473 2 439
473 3 470
474 1 480
474 2 127
474 3 482
475 1 476
475 2 441
475 3 453
476 2 941
476 3 961
477 1 441
477 2 453
477 3 474
478 3 952
479 1 455
479 2 443
479 3 51
480 1 954
480 3 139
481 1 127
481 2 482
481 3 475
482 2 99
482 3 1747
483 1 475
483 2 480
483 3 127
484 1 1166
484 2 1168
484 3 1164
485 1 490
485 2 488
485 3 486
486 1 965
486 2 1472
487 1 484
487 2 490
487 3 488
488 1 1425
488 3 967
489 1 486
489 2 484
489 3 490
490 1 1414
490 2 1416
490 3 1412
491 1 488
491 2 486
491 3 484
492 1 3
492 2 1431
492 3 499
493 2 494
494 2 503
495 2 492
496 1 1447
496 2 1453
496 3 1471
497 1 502
497 2 498
497 3 500
498 1 493
498 2 3
498 3 1431
499 1 500
499 2 496
499 3 502
501 1 496
501 2 502
501 3 498
502 2 495
503 1 498
503 2 500
503 3 496
504 2 781
504 3 1743
505 1 506
505 2 109
505 3 508
506 1 2238
506 3 105
507 1 109
507 2 508
507 3 504
508 1 1277
508 2 1875
508 3 397
509 1 504
509 2 506
509 3 109
510 2 1818
511 1 512
511 2 516
511 3 514
512 1 897
512 2 1377
512 3 881
513 1 516
513 2 514
513 3 510
514 2 1209
514 3 1245
515 1 510
515 2 512
515 3 516
516 2 521
516 3 1205
517 1 514
517 2 510
517 3 512
518 1 995
518 2 883
518 3 579
519 2 520
520 1 1205
520 2 517
521 2 518
522 2 540
523 2 524
524 1 1304
524 2 1306
524 3 1151
525 2 522
526 1 530
526 2 528
526 3 526
527 1 527
527 2 530
527 3 528
528 1 534
528 2 532
529 1 526
529 2 527
529 3 530
530 1 2088
530 2 2090
531 1 528
531 2 526
531 3 527
532 2 538
532 3 536
533 2 529
533 3 534
534 1 920
534 2 918
534 3 922
535 1 532
535 3 529
536 1 1720
536 2 1713
536 3 1722
537 1 533
537 3 538
538 2 1559
538 3 1734
539 1 536
539 2 533
540 1 809
540 2 907
541 2 523
542 1 2182
542 2 2180
542 3 2157
543 1 544
543 2 546
543 3 548
544 1 1186
544 2 1188
545 1 546
545 2 548
545 3 542
546 1 1189
546 2 1261
547 1 548
547 2 542
547 3 544
548 1 1
548 2 893
549 1 542
549 2 544
549 3 546
550 1 767
550 2 707
550 3 631
551 1 552
552 2 554
553 3 550
555 2 553
556 1 731
556 2 1926
556 3 1923
557 1 560
557 2 558
558 2 1890
559 2 556
559 3 560
560 1 1922
560 2 1924
560 3 1237
561 1 558
561 3 556
562 2 1549
562 3 1834
563 2 564
563 3 566
564 1 711
564 2 732
564 3 730
565 1 566
565 2 562
566 2 1012
566 3 1014
567 1 562
567 3 564
570 1 590
570 2 592
571 2 574
571 3 572
572 1 581
572 2 596
572 3 594
573 1 570
573 3 574
574 1 576
574 2 580
574 3 578
575 1 572
575 2 570
576 2 627
577 1 580
577 2 578
577 3 575
578 1 519
578 2 995
578 3 883
579 1 575
579 2 576
579 3 580
580 1 596
580 2 594
580 3 573
581 1 578
581 2 575
581 3 576
582 2 1076
583 2 584
585 2 582
586 3 706
587 2 588
588 1 811
588 2 1859
588 3 383
589 2 586
590 1 1546
590 3 1548
591 1 592
591 3 571
592 1 1032
593 2 571
593 3 590
594 3 1916
595 1 573
595 2 581
595 3 596
596 1 1313
596 2 1620
596 3 913
597 1 594
597 2 573
597 3 581
598 1 716
598 2 720
598 3 718
599 1 600
599 2 602
600 1 1357
600 3 1652
601 1 602
601 3 598
602 1 915
602 2 1912
602 3 1613
603 2 598
603 3 600
604 1 1607
604 2 799
604 3 629
605 1 606
605 2 610
605 3 608
606 2 1822
606 3 1820
607 1 610
607 2 608
607 3 604
609 1 604
609 2 606
609 3 610
611 1 608
611 2 604
611 3 606
612 1 943
612 2 757
613 1 614
613 2 618
613 3 616
614 1 700
614 2 704
614 3 702
615 1 618
615 2 616
615 3 612
616 2 634
617 1 612
617 2 614
617 3 618
618 1 699
618 2 1316
618 3 1314
619 1 616
619 2 612
619 3 614
620 1 1796
620 2 1315
620 3 1794
621 1 624
621 3 622
622 2 642
622 3 644
623 1 620
623 2 624
624 1 1317
624 2 1888
624 3 1886
625 2 622
625 3 620
626 2 577
627 3 628
628 1 605
628 2 1607
628 3 799
629 1 626
630 1 551
630 2 767
630 3 707
631 2 632
632 2 2094
633 2 630
634 1 1797
634 2 645
635 2 617
637 1 640
637 2 638
638 1 1035
638 2 1311
638 3 1479
639 2 636
639 3 640
641 1 638
641 3 636
642 2 759
642 3 942
643 1 644
643 2 623
644 2 635
644 3 1797
645 1 623
645 3 642
646 1 1619
646 3 723
647 2 650
647 3 648
648 1 1594
648 2 1596
648 3 655
649 1 646
649 3 650
650 1 705
650 3 1595
651 1 648
651 2 646
652 2 687
652 3 1618
653 1 654
653 2 656
654 1 649
654 2 1594
654 3 1596
655 1 656
655 3 652
656 1 1597
656 2 1598
656 3 1600
657 2 652
657 3 654
659 1 662
659 2 259
659 3 660
660 1 1158
660 2 1160
661 1 658
661 2 662
661 3 259
663 1 259
663 2 660
663 3 658
664 1 1036
664 2 1034
664 3 1038
665 1 666
665 2 670
665 3 668
666 1 1039
666 2 1047
667 1 670
667 2 668
667 3 664
668 2 685
668 3 1217
669 1 664
669 2 666
669 3 670
671 1 668
671 2 664
671 3 666
672 1 775
672 2 1365
672 3 1496
673 1 676
673 2 674
674 1 776
674 2 778
674 3 774
675 2 672
675 3 676
677 1 674
677 3 672
678 2 1040
679 1 680
679 3 682
680 1 860
680 2 862
680 3 864
681 2 682
681 3 678
682 1 878
682 2 874
682 3 876
683 1 678
683 2 680
684 1 1217
684 2 669
685 1 688
685 2 690
685 3 686
686 1 1618
686 2 653
687 1 684
687 2 688
687 3 690
688 1 1918
688 3 1920
689 1 690
689 2 686
689 3 684
690 2 698
690 3 696
691 1 686
691 2 684
691 3 688
692 3 1515
693 1 694
694 1 1995
694 2 1996
695 3 692
696 2 703
696 3 722
697 1 691
697 3 698
698 1 1316
698 2 1314
698 3 619
699 1 696
699 2 691
700 2 717
700 3 724
701 1 704
701 2 702
701 3 615
702 1 722
702 2 697
703 1 615
703 2 700
703 3 704
704 2 1595
704 3 651
705 1 702
705 2 615
705 3 700
706 1 631
706 2 551
706 3 767
707 1 587
708 1 735
708 2 719
708 3 1354
709 1 712
709 2 714
709 3 710
710 1 732
710 2 730
710 3 565
711 1 708
711 2 712
711 3 714
712 1 736
712 2 734
713 1 714
713 2 710
713 3 708
714 1 2115
714 2 2255
715 1 710
715 2 708
715 3 712
716 1 724
716 2 701
717 1 720
717 2 718
717 3 599
718 1 1354
718 2 709
718 3 735
719 1 599
719 2 716
719 3 720
720 2 756
720 3 758
721 1 718
721 2 599
721 3 716
722 1 647
722 2 1619
723 1 697
723 3 703
724 1 1611
724 2 1913
724 3 1617
725 1 701
725 3 717
726 1 819
726 2 1898
726 3 387
727 3 728
728 1 1874
728 2 1873
728 3 1876
729 1 726
730 1 1926
730 2 1923
730 3 557
731 1 565
731 2 711
731 3 732
732 1 2116
732 2 1773
733 1 730
733 2 565
733 3 711
734 1 719
734 2 1354
734 3 709
735 2 713
735 3 736
736 1 2084
736 2 2083
736 3 1933
737 1 734
737 3 713
738 2 752
738 3 754
739 2 740
739 3 742
740 2 1850
740 3 1285
741 1 742
741 2 738
742 2 1872
742 3 1279
743 1 738
743 3 740
744 1 1327
744 2 1227
744 3 1323
745 1 748
745 2 750
745 3 746
746 1 2016
746 3 1325
747 1 744
747 2 748
747 3 750
748 1 2015
748 2 2231
749 1 750
749 2 746
749 3 744
750 1 1149
750 2 1194
751 1 746
751 2 744
751 3 748
752 1 858
753 1 754
753 2 739
754 2 2240
754 3 2189
755 1 739
755 3 752
756 2 613
756 3 943
757 1 758
757 2 721
758 1 942
758 2 643
759 1 721
759 3 756
760 1 1960
760 2 823
760 3 1962
761 2 764
761 3 762
762 1 1302
762 2 1101
762 3 1300
763 1 760
763 3 764
764 1 1346
764 2 1295
765 1 762
765 2 760
766 1 707
766 2 631
766 3 551
767 1 772
767 2 768
767 3 770
769 1 770
769 2 766
769 3 772
770 1 363
770 3 1858
771 1 766
771 2 772
771 3 768
773 1 768
773 2 770
773 3 766
774 1 1365
774 2 1496
774 3 673
775 1 675
775 2 776
775 3 778
776 1 1504
776 2 1502
776 3 1506
777 1 778
777 2 774
777 3 675
778 1 1057
778 2 1366
778 3 1363
779 1 774
779 2 675
779 3 776
780 1 1743
780 2 505
781 1 784
781 2 782
782 1 1698
782 2 1702
782 3 1700
783 2 780
783 3 784
784 1 393
784 3 1704
785 1 782
785 3 780
786 1 1055
786 2 795
786 3 141
787 1 790
787 2 788
787 3 792
788 1 797
788 2 263
788 3 916
789 1 792
789 2 786
789 3 790
790 1 794
790 2 257
790 3 796
791 1 788
791 2 792
791 3 786
792 1 1372
792 2 1367
792 3 1374
793 1 786
793 2 790
793 3 788
794 1 141
794 2 787
794 3 1055
795 1 257
795 2 796
795 3 791
796 1 263
796 2 916
796 3 789
797 1 791
797 2 794
797 3 257
798 1 629
798 2 605
798 3 1607
799 2 800
800 1 1627
801 2 798
802 3 810
804 1 1428
804 2 1385
804 3 1430
805 1 7
805 2 808
805 3 806
806 1 905
806 2 1827
806 3 971
807 1 804
807 2 7
807 3 808
808 1 907
808 3 541
809 1 806
809 2 804
809 3 7
810 1 1859
810 2 383
810 3 589
811 1 803
812 1 349
812 2 265
812 3 337
813 1 335
813 2 45
814 1 1592
814 2 1561
814 3 1590
815 1 473
815 3 816
816 1 1802
816 2 1806
816 3 1804
817 1 814
817 2 473
818 1 1898
818 2 387
818 3 727
819 1 824
819 2 822
819 3 820
820 1 1692
820 2 1694
821 1 818
821 2 824
821 3 822
822 1 1962
822 2 761
822 3 1960
823 1 820
823 2 818
823 3 824
824 1 1686
824 2 1688
824 3 1690
825 1 822
825 2 820
825 3 818
826 1 834
826 2 832
826 3 830
827 2 283
827 3 828
828 1 331
828 2 311
828 3 1685
829 1 826
829 3 283
830 1 1655
830 2 2133
831 1 827
831 2 834
831 3 832
832 1 1485
832 2 1664
832 3 463
833 1 830
833 2 827
833 3 834
834 1 1684
834 2 1489
835 1 832
835 2 830
835 3 827
837 2 325
837 3 347
838 1 843
838 2 1663
839 2 840
841 2 838
842 1 1663
842 3 839
843 1 844
843 2 846
843 3 848
844 2 1986
845 1 846
845 2 848
845 3 842
846 1 1984
846 2 857
846 3 1163
847 1 848
847 2 842
847 3 844
848 1 1162
848 2 1155
849 1 842
849 2 844
849 3 846
850 1 1152
850 2 1156
850 3 1154
851 1 856
851 2 852
851 3 854
852 1 2059
852 2 2066
852 3 2064
853 1 854
853 2 850
853 3 856
855 1 850
855 2 856
855 3 852
856 1 1163
856 2 847
856 3 1984
857 1 852
857 2 854
857 3 850
858 2 2037
859 3 753
860 1 1769
860 2 1914
861 1 862
861 2 864
861 3 681
862 2 2210
862 3 2212
863 1 864
863 2 681
863 3 860
864 1 1982
864 2 877
865 1 681
865 2 860
865 3 862
866 1 990
866 3 992
867 1 870
867 2 868
867 3 872
868 1 879
868 2 987
868 3 1016
869 1 872
869 2 866
869 3 870
870 1 1768
870 2 1041
870 3 875
871 1 868
871 2 872
871 3 866
872 1 994
872 2 885
872 3 996
873 1 866
873 2 870
873 3 868
874 1 871
874 2 1768
874 3 1041
875 1 876
875 2 683
875 3 878
876 2 865
876 3 1982
877 1 683
877 2 878
877 3 874
878 1 987
878 2 1016
878 3 869
879 1 874
879 2 876
879 3 683
880 1 513
880 2 897
880 3 1377
881 1 886
881 2 884
881 3 882
882 1 579
882 2 519
882 3 995
883 1 880
883 2 886
883 3 884
884 1 996
884 2 873
884 3 994
885 1 882
885 2 880
885 3 886
886 1 997
886 2 1411
886 3 991
887 1 884
887 2 882
887 3 880
888 1 903
888 2 1456
888 3 1458
889 1 892
889 2 890
890 1 906
890 2 904
890 3 902
891 2 888
891 3 892
892 2 549
892 3 1
893 1 890
893 3 888
894 2 1937
894 3 2072
895 1 900
895 2 898
895 3 896
896 1 1377
896 2 881
896 3 513
897 1 894
897 2 900
897 3 898
898 1 1378
898 2 1376
899 1 896
899 2 894
899 3 900
900 1 1474
901 1 898
901 2 896
901 3 894
902 1 1456
902 2 1458
902 3 889
903 1 891
903 2 906
903 3 904
904 1 1827
904 2 971
904 3 807
905 1 902
905 2 891
905 3 906
906 2 541
906 3 809
907 1 904
907 2 902
907 3 891
908 1 1780
908 3 1221
909 1 910
909 2 914
909 3 912
910 1 1610
910 3 1612
911 1 914
911 2 912
911 3 908
912 1 597
912 2 1313
912 3 1620
913 1 908
913 2 910
913 3 914
914 1 1912
914 2 1613
914 3 603
915 1 912
915 2 908
915 3 910
917 1 789
917 2 797
917 3 263
918 1 1462
918 2 1001
918 3 1460
919 1 922
919 2 535
919 3 920
920 2 2203
920 3 1463
921 1 918
921 2 922
921 3 535
923 1 535
923 2 920
923 3 918
924 1 1525
924 3 1461
925 1 928
925 2 926
926 1 1050
926 3 1048
927 2 924
927 3 928
929 1 926
929 3 924
930 1 937
930 2 944
931 1 932
931 3 934
932 1 958
932 2 471
932 3 956
933 2 934
933 3 930
934 1 938
934 2 940
934 3 936
935 1 930
935 2 932
936 1 944
936 3 931
937 1 935
937 2 938
937 3 940
938 1 447
939 1 940
939 2 936
939 3 935
940 1 961
940 2 477
941 1 936
941 2 935
941 3 938
942 1 757
942 3 613
943 1 643
943 3 759
944 1 1843
944 3 1860
945 2 931
945 3 937
946 1 1745
946 3 1867
947 2 950
947 3 948
949 1 946
949 3 950
950 1 97
950 2 1658
951 1 948
951 2 946
952 1 459
952 2 963
953 1 479
954 1 1065
954 3 167
955 2 139
955 3 481
956 2 960
957 1 933
957 2 958
957 3 471
959 1 471
959 2 956
959 3 933
960 1 477
960 3 941
961 2 957
962 2 953
962 3 459
963 2 433
964 1 1472
964 3 487
965 1 966
965 2 968
966 1 489
966 2 1425
967 1 968
967 3 964
968 1 1420
968 3 1418
969 2 964
969 3 966
970 1 807
970 2 905
970 3 1827
971 1 191
971 2 197
973 1 976
973 2 974
973 3 365
974 2 1544
975 1 365
975 2 972
975 3 976
976 1 1763
976 2 2154
976 3 1553
977 1 974
977 2 365
977 3 972
978 1 1491
978 2 1570
978 3 1568
979 3 373
980 1 315
980 3 2130
981 1 984
981 3 982
982 1 133
982 2 1465
982 3 305
983 1 980
983 2 984
984 1 1654
984 2 467
984 3 1656
985 2 982
985 3 980
986 1 1016
986 2 869
986 3 879
987 3 988
988 1 1009
988 2 1010
988 3 1008
989 1 986
990 1 887
990 2 997
990 3 1411
991 2 992
991 3 867
992 1 1897
992 2 1915
993 1 867
993 2 990
994 1 883
994 2 579
994 3 519
995 1 885
995 2 996
995 3 873
996 1 1411
996 2 991
996 3 887
997 1 873
997 2 994
997 3 885
998 2 1816
999 3 1000
1000 1 1460
1000 2 919
1000 3 1462
1001 1 998
1002 1 1575
1002 2 1309
1002 3 1023
1003 2 1006
1003 3 1004
1004 1 1015
1004 3 1574
1005 1 1002
1005 3 1006
1006 1 1030
1006 2 1029
1007 1 1004
1007 2 1002
1008 1 1010
1008 2 1008
1008 3 989
1009 1 989
1009 2 1009
1009 3 1010
1010 2 2228
1010 3 1203
1011 1 1008
1011 2 989
1011 3 1009
1013 1 1014
1013 2 567
1014 2 1574
1014 3 1005
1015 1 567
1015 3 1012
1016 1 1027
1016 2 1031
1017 1 869
1017 2 879
1017 3 987
1018 1 1024
1018 3 1022
1019 3 1020
1020 1 1026
1020 2 1025
1020 3 1028
1021 1 1018
1022 1 1003
1022 2 1575
1022 3 1309
1023 1 1019
1023 2 1024
1024 1 1028
1024 2 1021
1024 3 1026
1025 2 1022
1025 3 1019
1026 1 1031
1026 3 1017
1027 1 1025
1027 2 1028
1027 3 1021
1028 2 1007
1028 3 1030
1029 1 1021
1029 2 1026
1029 3 1025
1030 2 1017
1030 3 1027
1031 1 1029
1031 3 1007
1032 1 1202
1032 2 1200
1032 3 1204
1033 3 593
1034 1 1311
1034 2 1479
1034 3 639
1035 1 1038
1035 2 665
1035 3 1036
1036 1 1312
1036 2 1308
1036 3 1310
1037 1 1034
1037 2 1038
1037 3 665
1038 1 1047
1038 3 667
1039 1 665
1039 2 1036
1039 3 1034
1040 1 875
1040 2 871
1040 3 1768
1041 2 679
1042 1 1478
1042 3 1480
1043 2 1044
1043 3 1046
1045 1 1046
1045 2 1042
1046 2 667
1046 3 1039
1047 1 1042
1047 3 1044
1048 2 1866
1049 1 927
1049 2 1050
1050 1 1054
1050 2 1056
1050 3 1052
1051 2 1048
1051 3 927
1052 2 1844
1052 3 1842
1053 1 1051
1053 2 1054
1053 3 1056
1054 1 795
1054 2 141
1054 3 787
1055 1 1056
1055 2 1052
1055 3 1051
1056 1 1366
1056 2 1363
1056 3 779
1057 1 1052
1057 2 1051
1057 3 1054
1059 3 1060
1060 1 1943
1060 2 153
1060 3 1587
1061 1 1058
1062 1 1942
1062 2 1331
1063 1 1064
1063 2 1066
1064 2 167
1064 3 955
1065 1 1066
1065 3 1062
1066 1 1746
1066 2 1744
1067 2 1062
1067 3 1064
1068 1 1917
1068 2 2082
1068 3 1547
1070 1 1621
1070 3 1247
1071 1 1074
1071 2 1072
1072 1 1249
1073 2 1070
1073 3 1074
1074 1 1246
1074 3 1248
1075 1 1072
1075 3 1070
1077 2 583
1078 1 1104
1078 2 1102
1078 3 1106
1079 1 1082
1079 2 1080
1079 3 1084
1080 1 201
1080 2 1837
1081 1 1084
1081 2 1078
1081 3 1082
1082 2 1089
1083 1 1080
1083 2 1084
1083 3 1078
1085 1 1078
1085 2 1082
1085 3 1080
1086 1 1094
1086 2 1090
1086 3 1092
1087 2 207
1087 3 1088
1088 2 1083
1089 1 1086
1089 3 207
1090 2 2112
1091 1 1092
1091 2 1087
1091 3 1094
1092 1 1811
1092 2 1121
1092 3 211
1093 1 1087
1093 2 1094
1093 3 1090
1094 2 1107
1095 1 1090
1095 2 1092
1095 3 1087
1096 1 1758
1096 2 1756
1096 3 1754
1097 2 1100
1097 3 1098
1098 1 2185
1098 2 225
1099 1 1096
1099 3 1100
1100 1 1300
1100 2 763
1100 3 1302
1101 1 1098
1101 2 1096
1103 1 1106
1103 2 1079
1103 3 1104
1105 1 1102
1105 2 1106
1105 3 1079
1106 2 1095
1107 1 1079
1107 2 1104
1107 3 1102
1108 2 1116
1109 2 1110
1109 3 243
1111 1 243
1111 2 1108
1112 1 1298
1112 2 247
1112 3 239
1113 1 241
1113 2 1114
1115 2 1112
1115 3 241
1116 2 1793
1117 2 1109
1118 1 1810
1118 2 1429
1119 1 199
1119 2 1120
1120 1 211
1120 2 1093
1120 3 1811
1121 2 1118
1121 3 199
1122 1 1840
1122 2 1838
1122 3 1836
1123 1 203
1123 2 1124
1123 3 1126
1124 1 209
1124 2 189
1125 1 1126
1125 2 1122
1125 3 203
1126 1 2048
1126 2 185
1126 3 2046
1127 1 1122
1127 2 203
1127 3 1124
1128 2 2012
1128 3 2010
1129 1 1134
1129 2 1132
1129 3 1130
1130 1 2204
1130 3 1815
1131 1 1128
1131 2 1134
1131 3 1132
1132 1 2208
1132 3 1959
1133 1 1130
1133 2 1128
1133 3 1134
1134 2 1432
1134 3 1434
1135 1 1132
1135 2 1130
1135 3 1128
1136 1 1144
1136 2 1142
1137 2 1138
1137 3 1140
1138 1 1645
1138 3 1696
1139 1 1140
1139 2 1136
1140 1 1697
1140 3 1968
1141 1 1136
1141 3 1138
1142 2 1964
1142 3 1966
1143 2 1137
1143 3 1144
1144 1 1969
1144 3 1973
1145 1 1142
1145 3 1137
1146 1 255
1146 2 2008
1146 3 1771
1147 1 1150
1147 2 1148
1148 1 1194
1148 3 751
1149 2 1146
1149 3 1150
1150 1 525
1150 2 1304
1150 3 1306
1151 1 1148
1151 3 1146
1152 1 1896
1152 2 1892
1152 3 1894
1153 1 1156
1153 2 1154
1153 3 851
1154 2 849
1154 3 1162
1155 1 851
1155 2 1152
1155 3 1156
1156 1 1765
1156 2 1167
1156 3 1405
1157 1 1154
1157 2 851
1157 3 1152
1159 1 1160
1159 3 661
1160 2 1307
1161 2 661
1161 3 1158
1162 1 847
1162 2 1984
1162 3 857
1163 1 1155
1163 3 849
1164 2 1631
1164 3 2070
1165 1 485
1165 2 1166
1165 3 1168
1166 1 1405
1166 2 1157
1166 3 1765
1167 1 1168
1167 2 1164
1167 3 485
1168 1 1630
1168 2 1632
1168 3 1415
1169 1 1164
1169 2 485
1169 3 1166
1170 2 1236
1170 3 1234
1171 1 1176
1171 2 1174
1171 3 1172
1172 1 1238
1172 2 1240
1173 1 1170
1173 2 1176
1173 3 1174
1174 1 1242
1174 2 1244
1174 3 1241
1175 1 1172
1175 2 1170
1175 3 1176
1176 1 1198
1176 2 1179
1176 3 1196
1177 1 1174
1177 2 1172
1177 3 1170
1178 1 1196
1178 2 1177
1178 3 1198
1179 1 1184
1179 2 1180
1179 3 1182
1180 1 1190
1180 2 1187
1180 3 1192
1181 1 1182
1181 2 1178
1181 3 1184
1182 1 2159
1182 2 2223
1182 3 2163
1183 1 1178
1183 2 1184
1183 3 1180
1184 1 2175
1184 2 2217
1185 1 1180
1185 2 1182
1185 3 1178
1186 1 1192
1186 2 1181
1186 3 1190
1187 1 1188
1187 3 545
1188 1 1261
1188 3 547
1189 2 545
1189 3 1186
1191 1 1187
1191 2 1192
1191 3 1181
1192 2 2156
1192 3 2158
1193 1 1181
1193 2 1190
1193 3 1187
1194 2 1257
1194 3 9
1195 2 751
1195 3 1149
1196 1 2162
1196 2 2164
1196 3 1239
1197 1 1177
1197 2 1198
1197 3 1179
1198 2 2172
1198 3 2174
1199 1 1179
1199 2 1196
1199 3 1177
1200 1 1206
1200 3 1208
1201 1 1204
1201 2 1033
1201 3 1202
1202 1 1011
1202 3 2228
1203 1 1200
1203 2 1204
1203 3 1033
1204 1 517
1204 3 521
1205 1 1033
1205 2 1202
1205 3 1200
1206 1 2229
1206 3 1891
1207 2 1208
1207 3 1201
1208 1 1245
1208 2 515
1209 1 1201
1209 2 1206
1210 1 1218
1210 2 1216
1211 2 1214
1211 3 1212
1212 3 1219
1213 1 1210
1213 3 1214
1214 1 1601
1214 2 1604
1214 3 1602
1215 1 1212
1215 2 1210
1216 1 669
1216 3 685
1217 2 1211
1217 3 1218
1218 1 1213
1219 1 1216
1219 3 1211
1220 1 909
1220 2 1780
1221 2 1224
1221 3 1222
1222 1 1326
1222 2 1324
1223 1 1220
1223 3 1224
1224 2 1228
1224 3 1226
1225 1 1222
1225 2 1220
1226 1 1323
1226 2 745
1226 3 1327
1227 1 1225
1227 3 1228
1228 1 145
1228 2 1230
1228 3 1232
1229 1 1226
1229 2 1225
1230 1 2004
1230 3 1321
1231 1 1232
1231 2 1229
1231 3 145
1232 1 1320
1232 2 1318
1232 3 1322
1233 1 1229
1233 2 145
1233 3 1230
1234 1 2193
1234 3 2173
1235 1 1171
1235 3 1236
1236 1 561
1236 2 1922
1236 3 1924
1237 1 1234
1237 2 1171
1238 1 1197
1238 2 2162
1238 3 2164
1239 1 1240
1239 3 1173
1240 1 1175
1240 2 1242
1240 3 1244
1241 2 1173
1241 3 1238
1242 1 2160
1242 2 1929
1243 1 1244
1243 2 1241
1243 3 1175
1244 1 515
1244 3 1209
1245 1 1241
1245 2 1175
1245 3 1242
1246 1 1071
1246 2 1621
1247 2 1248
1247 3 1075
1248 3 1073
1249 1 1075
1249 2 1246
1250 1 1250
1250 2 21
1250 3 469
1251 1 21
1251 2 469
1251 3 1251
1252 2 1296
1253 2 1254
1254 1 1260
1254 2 1256
1254 3 1258
1255 2 1252
1256 1 9
1256 2 1195
1257 1 1258
1257 2 1255
1257 3 1260
1258 2 2014
1258 3 1319
1259 1 1255
1259 2 1260
1259 3 1256
1260 2 547
1260 3 1189
1261 1 1256
1261 2 1258
1261 3 1255
1262 2 1854
1262 3 1852
1263 1 1266
1263 2 1268
1263 3 1264
1264 1 1273
1264 3 1856
1265 1 1262
1265 2 1266
1265 3 1268
1266 1 1514
1266 2 1518
1266 3 1516
1267 1 1268
1267 2 1264
1267 3 1262
1268 1 1527
1268 2 2036
1269 1 1264
1269 2 1262
1269 3 1266
1270 1 1278
1270 3 1276
1271 1 1274
1271 2 1272
1272 2 1856
1272 3 1265
1273 2 1270
1273 3 1274
1274 1 1742
1274 2 1701
1274 3 1731
1275 1 1272
1275 3 1270
1276 1 1875
1276 2 397
1276 3 509
1277 1 1271
1277 2 1278
1278 1 743
1278 3 1872
1279 2 1276
1279 3 1271
1280 1 2054
1280 3 1877
1281 1 1284
1281 2 1282
1281 3 409
1282 1 1851
1282 2 399
1283 1 409
1283 2 1280
1283 3 1284
1284 1 741
1284 3 1850
1285 1 1282
1285 2 409
1285 3 1280
1286 1 405
1286 3 2121
1287 1 1288
1287 2 1290
1287 3 411
1288 2 1292
1288 3 1294
1289 1 1290
1289 2 411
1289 3 1286
1290 1 1347
1290 2 1963
1290 3 1691
1291 1 411
1291 2 1286
1291 3 1288
1292 1 2123
1292 2 1759
1292 3 1941
1293 1 1294
1293 2 1289
1294 2 765
1294 3 1346
1295 1 1289
1295 3 1292
1297 2 1253
1299 1 247
1299 2 239
1299 3 1113
1300 1 1901
1300 2 2033
1301 1 763
1301 2 1302
1301 3 1101
1302 1 1682
1302 2 1680
1303 1 1101
1303 2 1300
1303 3 763
1304 1 2230
1305 1 1306
1305 2 1151
1305 3 525
1306 2 1161
1307 1 1151
1307 2 525
1307 3 1304
1308 1 1023
1308 2 1003
1308 3 1575
1309 1 1310
1309 2 1037
1309 3 1312
1310 1 1479
1310 2 639
1310 3 1035
1311 1 1037
1311 2 1312
1311 3 1308
1312 1 1620
1312 2 913
1312 3 597
1313 1 1308
1313 2 1310
1313 3 1037
1314 1 1794
1314 2 621
1314 3 1796
1315 1 619
1315 2 699
1315 3 1316
1316 1 1888
1316 2 1886
1316 3 625
1317 1 1314
1317 2 619
1317 3 699
1318 1 1259
1318 3 2014
1319 1 1322
1319 2 1233
1319 3 1320
1320 1 1231
1320 2 2004
1321 1 1318
1321 2 1322
1321 3 1233
1322 1 745
1322 2 1327
1322 3 1227
1323 1 1233
1323 2 1320
1323 3 1318
1324 1 747
1324 2 2016
1325 2 1223
1325 3 1326
1326 1 1227
1326 2 1323
1326 3 745
1327 1 1324
1327 3 1223
1328 3 1577
1329 2 1330
1330 2 1063
1330 3 1942
1331 2 1328
1332 1 115
1332 2 1555
1332 3 1657
1333 2 1334
1333 3 1336
1334 1 2029
1334 3 2136
1335 1 1336
1335 2 1332
1336 2 2137
1336 3 2145
1337 1 1332
1337 3 1334
1338 2 1551
1339 1 1344
1339 2 1340
1339 3 1342
1340 1 2001
1341 1 1342
1341 2 1338
1341 3 1344
1342 1 1946
1342 2 1944
1342 3 1948
1343 1 1338
1343 2 1344
1343 3 1340
1344 1 2214
1344 2 2187
1344 3 1353
1345 1 1340
1345 2 1342
1345 3 1338
1346 1 1963
1346 2 1691
1346 3 1291
1347 1 1295
1347 3 765
1349 2 1352
1349 3 1350
1350 1 1681
1350 2 2247
1351 1 1348
1351 3 1352
1352 1 1345
1352 2 2214
1352 3 2187
1353 1 1350
1353 2 1348
1354 1 2017
1354 3 2114
1355 1 709
1355 2 735
1355 3 719
1356 2 1652
1356 3 601
1358 1 1373
1359 1 1360
1359 2 1364
1359 3 1362
1361 1 1364
1361 2 1362
1361 3 1358
1362 1 779
1362 2 1057
1362 3 1366
1363 1 1358
1363 2 1360
1363 3 1364
1364 1 1496
1364 2 673
1364 3 775
1365 1 1362
1365 2 1358
1365 3 1360
1366 1 1374
1366 2 793
1366 3 1372
1367 1 1363
1367 2 779
1367 3 1057
1368 1 233
1368 2 1719
1368 3 1732
1369 2 187
1369 3 1370
1370 1 2049
1370 2 227
1371 1 1368
1371 3 187
1372 3 1359
1373 1 1367
1373 2 1374
1373 3 793
1375 1 793
1375 2 1372
1375 3 1367
1376 1 881
1376 2 513
1376 3 897
1377 2 899
1377 3 1378
1378 2 1408
1378 3 1410
1379 1 1376
1379 3 899
1380 1 1422
1380 2 1401
1380 3 1419
1381 1 1384
1381 2 1386
1381 3 1382
1382 1 1389
1382 3 1423
1383 1 1380
1383 2 1384
1383 3 1386
1384 1 1430
1384 2 805
1384 3 1428
1385 1 1386
1385 2 1382
1385 3 1380
1386 1 1392
1386 2 1390
1386 3 1388
1387 1 1382
1387 2 1380
1387 3 1384
1388 2 1423
1388 3 1383
1389 1 1387
1389 2 1392
1389 3 1390
1391 1 1388
1391 2 1387
1391 3 1392
1393 1 1390
1393 2 1388
1393 3 1387
1394 1 1497
1394 2 1498
1394 3 1500
1395 1 1396
1395 3 1398
1396 1 1507
1396 2 2103
1397 2 1398
1397 3 1394
1399 1 1394
1399 2 1396
1400 1 1419
1400 2 1381
1400 3 1422
1401 1 1402
1401 2 1406
1401 3 1404
1402 2 1661
1402 3 1647
1403 1 1406
1403 2 1404
1403 3 1400
1404 1 1157
1404 2 1765
1404 3 1167
1405 1 1400
1405 2 1402
1405 3 1406
1406 3 1473
1407 1 1404
1407 2 1400
1407 3 1402
1408 2 1442
1409 1 1410
1409 2 1379
1410 1 991
1410 2 887
1410 3 997
1411 1 1379
1411 3 1408
1412 1 1426
1412 2 1421
1412 3 1424
1413 1 491
1413 2 1414
1413 3 1416
1414 1 1169
1414 2 1630
1414 3 1632
1415 1 1416
1415 2 1412
1415 3 491
1416 3 1427
1417 1 1412
1417 2 491
1417 3 1414
1418 1 1381
1418 2 1422
1418 3 1401
1419 1 969
1419 2 1420
1420 1 1424
1420 2 1413
1420 3 1426
1421 2 1418
1421 3 969
1422 1 1383
1422 2 1389
1423 1 1401
1423 2 1419
1423 3 1381
1424 2 967
1424 3 489
1425 1 1413
1425 2 1426
1425 3 1421
1426 1 1417
1427 1 1421
1427 2 1424
1427 3 1413
1428 2 1119
1428 3 1810
1429 1 1385
1429 2 1430
1429 3 805
1430 1 499
1430 2 493
1430 3 3
1431 1 805
1431 2 1428
1431 3 1385
1432 1 1814
1433 1 1434
1433 2 1135
1434 1 1880
1434 3 1878
1435 1 1135
1435 3 1432
1437 1 1438
1437 3 1440
1438 3 1591
1439 2 1440
1439 3 1436
1440 1 1567
1440 2 1800
1441 1 1436
1441 2 1438
1442 2 1764
1443 2 1409
1444 1 1454
1444 2 1450
1444 3 1452
1445 1 1446
1445 2 1448
1446 1 1453
1446 2 1471
1446 3 497
1447 1 1448
1447 3 1444
1448 2 1636
1448 3 1634
1449 2 1444
1449 3 1446
1450 1 1848
1450 2 1457
1450 3 1469
1451 1 1452
1451 2 1445
1451 3 1454
1452 1 1471
1452 2 497
1452 3 1447
1453 1 1445
1453 2 1454
1453 3 1450
1454 1 2076
1454 2 2075
1454 3 1939
1455 1 1450
1455 2 1452
1455 3 1445
1456 1 1469
1456 2 1451
1456 3 1848
1457 1 1458
1457 2 889
1457 3 903
1458 3 1766
1459 1 889
1459 2 903
1459 3 1456
1460 1 925
1460 2 1525
1461 1 919
1461 2 1462
1461 3 1001
1462 1 921
1462 3 2203
1463 1 1001
1463 2 1460
1463 3 919
1464 1 305
1464 2 983
1464 3 133
1465 1 163
1465 2 1466
1465 3 329
1466 1 155
1466 2 85
1466 3 339
1467 1 329
1467 2 1464
1467 3 163
1468 1 1451
1468 2 1848
1468 3 1457
1469 1 5
1469 3 1470
1470 1 497
1470 2 1447
1470 3 1453
1471 1 1468
1471 2 5
1472 1 1407
1473 2 487
1473 3 965
1474 1 2073
1474 2 2074
1475 3 901
1476 2 2089
1476 3 2009
1478 1 639
1478 2 1035
1478 3 1311
1479 2 1480
1479 3 1043
1481 1 1043
1481 2 1478
1482 1 375
1482 2 1529
1482 3 1813
1483 1 1484
1483 2 1486
1483 3 353
1484 1 1664
1484 2 463
1484 3 833
1485 1 1486
1485 2 353
1485 3 1482
1486 1 1488
1486 2 341
1486 3 355
1487 1 353
1487 2 1482
1487 3 1484
1488 2 835
1488 3 1684
1489 1 341
1489 2 355
1489 3 1487
1490 1 1570
1490 2 1568
1490 3 979
1491 2 357
1491 3 1492
1492 3 1494
1493 1 1490
1493 3 357
1494 2 1572
1494 3 1571
1495 1 1493
1496 1 1498
1496 2 1500
1496 3 1395
1497 1 673
1497 2 775
1497 3 1365
1499 1 1500
1499 2 1395
1499 3 1497
1500 2 1537
1500 3 1817
1501 1 1395
1501 2 1497
1501 3 1498
1503 1 1506
1503 2 777
1503 3 1504
1505 1 1502
1505 2 1506
1505 3 777
1506 1 2103
1506 3 1397
1507 1 777
1507 2 1504
1507 3 1502
1508 1 1662
1508 3 1660
1509 2 1510
1509 3 1512
1511 1 1512
1511 2 1508
1513 1 1508
1513 3 1510
1514 1 693
1515 1 1518
1515 2 1516
1515 3 1267
1516 1 1524
1516 3 1526
1517 1 1267
1517 2 1514
1517 3 1518
1518 2 1522
1518 3 1520
1519 1 1516
1519 2 1267
1519 3 1514
1520 2 1558
1521 1 1519
1521 3 1522
1522 1 1740
1522 2 1721
1522 3 1735
1523 1 1520
1523 2 1519
1524 2 1461
1524 3 925
1525 2 1526
1525 3 1517
1526 1 2036
1526 3 1269
1527 1 1517
1527 2 1524
1528 1 1813
1528 2 1483
1528 3 375
1529 1 1530
1530 1 2149
1530 3 2095
1531 3 1528
1532 2 1563
1532 3 1798
1533 1 1534
1533 2 1536
1534 1 1542
1534 2 1540
1534 3 1538
1535 1 1536
1535 3 1532
1536 1 1817
1536 2 1501
1537 2 1532
1537 3 1534
1539 1 1535
1539 2 1542
1539 3 1540
1540 1 1803
1540 2 2099
1541 1 1538
1541 2 1535
1541 3 1542
1542 1 1799
1542 2 1808
1542 3 1807
1543 1 1540
1543 2 1538
1543 3 1535
1544 3 1949
1545 2 975
1546 1 1069
1546 2 1917
1546 3 2082
1547 2 1548
1547 3 591
1548 1 1834
1548 2 563
1549 1 591
1549 2 1546
1550 2 1339
1551 2 1552
1552 1 977
1552 2 1763
1552 3 2154
1553 2 1550
1554 1 1657
1554 2 1333
1554 3 115
1555 2 157
1555 3 1556
1556 1 1578
1556 2 149
1556 3 1576
1557 1 1554
1557 3 157
1558 1 1734
1558 2 539
1559 2 1521
1560 1 1590
1560 2 815
1560 3 1592
1561 1 1562
1561 2 1564
1561 3 1566
1562 1 1798
1562 2 1533
1563 1 1564
1563 2 1566
1563 3 1560
1564 2 1593
1564 3 1809
1565 1 1566
1565 2 1560
1565 3 1562
1566 1 1800
1566 3 1441
1567 1 1560
1567 2 1562
1567 3 1564
1569 1 979
1569 2 1491
1569 3 1570
1570 1 1495
1570 3 1572
1571 1 1568
1571 2 979
1571 3 1491
1573 1 1571
1573 2 1495
1574 1 1309
1574 2 1023
1574 3 1003
1575 1 1005
1575 2 1015
1576 1 1329
1577 1 1557
1577 2 1578
1577 3 149
1578 2 159
1578 3 119
1579 1 149
1579 2 1576
1579 3 1557
1580 2 1588
1581 3 1582
1582 1 161
1582 2 1979
1582 3 2045
1583 1 1580
1584 1 1589
1584 2 2044
1584 3 1977
1585 2 1586
1586 1 1061
1586 2 1943
1586 3 153
1587 2 1584
1588 1 2044
1588 2 1977
1588 3 1585
1589 2 1581
1590 1 1439
1591 1 815
1591 2 1592
1591 3 1561
1592 1 1809
1592 2 1565
1593 1 1561
1593 2 1590
1593 3 815
1594 1 651
1594 2 705
1595 1 1596
1595 2 655
1595 3 649
1596 1 1598
1596 2 1600
1596 3 657
1597 1 655
1597 2 649
1597 3 1594
1598 2 1616
1598 3 1614
1599 1 1600
1599 2 657
1599 3 1597
1600 1 1604
1600 2 1602
1600 3 1215
1601 1 657
1601 2 1597
1601 3 1598
1602 1 1608
1602 2 1606
1603 1 1215
1603 2 1601
1603 3 1604
1604 1 1615
1604 2 1988
1604 3 1629
1605 1 1602
1605 2 1215
1605 3 1601
1606 1 799
1606 2 629
1606 3 605
1607 2 1603
1607 3 1608
1608 1 1628
1608 2 1623
1609 1 1606
1609 3 1603
1610 1 1913
1610 2 1617
1610 3 725
1611 2 1612
1611 3 911
1612 1 603
1612 2 915
1612 3 1912
1613 1 911
1613 2 1610
1614 1 1988
1614 2 1629
1614 3 1605
1615 1 1599
1615 3 1616
1616 1 725
1616 2 1611
1616 3 1913
1617 1 1614
1617 2 1599
1618 2 723
1618 3 647
1619 1 653
1619 3 687
1620 2 1247
1620 3 1071
1621 1 913
1621 2 597
1621 3 1313
1622 2 1609
1622 3 1628
1623 1 1624
1623 3 1626
1624 1 1989
1625 2 1626
1625 3 1622
1626 3 801
1627 1 1622
1627 2 1624
1628 1 1605
1628 2 1615
1628 3 1988
1629 1 1623
1629 3 1609
1630 1 2070
1630 2 1165
1631 1 1632
1631 2 1415
1631 3 1169
1632 2 1639
1633 1 1415
1633 2 1169
1633 3 1630
1634 2 1638
1635 1 1449
1635 3 1636
1636 2 2068
1637 1 1634
1637 2 1449
1638 2 1633
1639 2 1635
1640 1 1879
1640 2 1974
1640 3 1907
1641 1 1642
1641 2 1644
1643 1 1644
1643 3 1640
1644 2 1696
1644 3 1139
1645 2 1640
1645 3 1642
1646 1 1403
1646 3 1661
1647 1 1650
1647 3 1648
1648 1 1830
1649 1 1646
1649 2 1650
1650 3 1831
1651 2 1648
1651 3 1646
1652 1 1934
1652 2 1932
1653 1 601
1653 2 1357
1654 1 2133
1654 3 831
1655 1 467
1655 2 1656
1655 3 985
1656 1 1333
1656 2 115
1656 3 1555
1657 1 985
1657 2 1654
1657 3 467
1658 1 101
1658 2 1997
1659 2 951
1659 3 97
1660 1 1647
1660 2 1403
1661 1 1509
1661 2 1662
1662 2 839
1662 3 843
1663 2 1660
1663 3 1509
1664 2 381
1664 3 2024
1665 1 463
1665 2 833
1665 3 1485
1666 1 1955
1666 3 113
1667 2 1668
1667 3 1670
1668 1 2144
1668 3 2142
1669 1 1670
1669 2 1666
1670 1 1676
1670 3 1678
1671 1 1666
1671 3 1668
1672 1 1947
1672 3 2134
1673 2 1674
1673 3 385
1674 1 2135
1675 1 385
1675 2 1672
1676 1 2019
1676 3 2244
1677 2 1678
1677 3 1671
1678 2 111
1678 3 1833
1679 1 1671
1679 2 1676
1680 1 2247
1680 3 1351
1681 2 1303
1681 3 1682
1682 1 1940
1683 1 1680
1683 3 1303
1684 1 829
1684 2 331
1684 3 311
1685 1 1489
1685 3 835
1686 1 2055
1687 1 1688
1687 2 1690
1687 3 825
1688 2 1954
1689 1 1690
1689 2 825
1689 3 1686
1690 1 1291
1690 2 1347
1690 3 1963
1691 1 825
1691 2 1686
1691 3 1688
1692 1 1961
1692 2 2030
1692 3 2011
1693 1 1694
1693 3 821
1694 1 2013
1694 2 177
1694 3 2092
1695 2 821
1695 3 1692
1696 2 1968
1696 3 1141
1697 1 1139
1697 2 1645
1698 1 1737
1698 2 1733
1699 1 1702
1699 2 1700
1699 3 783
1700 1 1731
1700 2 1275
1700 3 1742
1701 1 783
1701 2 1698
1701 3 1702
1702 1 1715
1702 3 1725
1703 1 1700
1703 2 783
1703 3 1698
1704 1 1738
1704 2 183
1704 3 1736
1705 1 785
1705 2 393
1706 1 1741
1706 2 1855
1706 3 1727
1707 1 1710
1707 2 1708
1707 3 1712
1708 1 1717
1708 3 1723
1709 1 1712
1709 2 1706
1709 3 1710
1710 1 1716
1710 2 1714
1710 3 1718
1711 1 1708
1711 2 1712
1711 3 1706
1712 1 1722
1712 2 537
1712 3 1720
1713 1 1706
1713 2 1710
1713 3 1708
1714 2 1725
1714 3 1703
1715 1 1718
1715 2 1711
1715 3 1716
1716 2 1723
1716 3 1709
1717 1 1714
1717 2 1718
1717 3 1711
1718 1 1732
1718 2 1369
1718 3 233
1719 1 1711
1719 2 1716
1719 3 1714
1720 1 1735
1720 2 1523
1720 3 1740
1721 1 1713
1721 2 1722
1721 3 537
1722 1 1709
1722 2 1717
1723 1 537
1723 2 1720
1723 3 1713
1724 1 1703
1724 2 1715
1725 1 1726
1725 2 1728
1725 3 1730
1726 1 1707
1726 2 1741
1726 3 1855
1727 1 1728
1727 2 1730
1727 3 1724
1728 2 1857
1729 1 1730
1729 2 1724
1729 3 1726
1730 1 1275
1730 2 1742
1730 3 1701
1731 1 1724
1731 2 1726
1731 3 1728
1732 2 1699
1732 3 1737
1733 1 1369
1733 2 233
1733 3 1719
1734 1 1523
1734 2 1740
1734 3 1721
1735 1 539
1735 3 1559
1736 1 1733
1736 3 1699
1737 1 1705
1737 2 1738
1737 3 183
1738 1 395
1738 2 2056
1738 3 171
1739 1 183
1739 2 1736
1739 3 1705
1740 1 1855
1740 2 1727
1740 3 1707
1741 1 1721
1741 2 1735
1741 3 1523
1742 1 505
1742 3 781
1743 1 1701
1743 2 1731
1743 3 1275
1744 2 1867
1744 3 947
1745 2 1067
1745 3 1746
1746 1 483
1746 3 99
1747 1 1744
1747 3 1067
1748 2 1864
1748 3 1862
1749 2 1752
1749 3 1750
1751 1 1748
1751 3 1752
1752 2 1784
1752 3 1782
1753 1 1750
1753 2 1748
1754 1 1902
1754 2 1904
1754 3 1900
1755 1 1097
1755 2 1758
1755 3 1756
1756 2 2119
1756 3 2188
1757 1 1754
1757 2 1097
1757 3 1758
1758 1 1941
1758 2 1293
1758 3 2123
1759 1 1756
1759 2 1754
1759 3 1097
1761 1 369
1761 2 1762
1762 1 2154
1762 2 1553
1762 3 977
1763 2 1760
1763 3 369
1764 1 1167
1764 2 1405
1764 3 1157
1765 2 1443
1766 1 2252
1766 3 2250
1767 1 1459
1768 1 1914
1768 3 861
1769 1 1041
1769 2 875
1769 3 871
1770 1 1147
1770 2 255
1770 3 2008
1771 1 1774
1771 3 1772
1772 2 733
1772 3 2116
1773 1 1770
1773 2 1774
1775 2 1772
1775 3 1770
1776 2 2218
1777 2 1778
1779 2 1776
1780 3 143
1781 2 1221
1781 3 909
1782 1 1788
1782 2 1786
1783 1 1753
1783 3 1784
1784 1 2152
1784 3 2150
1785 1 1782
1785 2 1753
1787 2 1783
1787 3 1788
1788 1 1792
1788 3 1790
1789 1 1786
1789 3 1783
1790 1 1868
1790 2 1870
1791 1 1789
1791 2 1792
1792 2 1117
1793 2 1790
1793 3 1789
1795 1 621
1795 2 1796
1795 3 1315
1796 1 645
1796 3 635
1797 1 1315
1797 2 1794
1797 3 621
1798 1 1808
1798 2 1807
1798 3 1543
1799 1 1533
1799 3 1563
1801 2 1441
1801 3 1567
1802 1 2099
1802 3 1541
1803 1 1806
1803 2 1804
1803 3 817
1805 1 817
1805 2 1802
1805 3 1806
1806 1 1543
1806 2 1799
1806 3 1808
1807 1 1804
1807 2 817
1807 3 1802
1808 1 1565
1808 3 1593
1809 1 1807
1809 2 1543
1809 3 1799
1810 1 1121
1810 2 211
1810 3 1093
1811 1 1429
1811 3 1119
1812 1 1483
1812 2 375
1812 3 1529
1813 3 379
1814 1 1131
1814 2 2204
1815 3 1433
1816 1 1501
1816 3 1537
1817 2 999
1818 1 1928
1818 2 1930
1819 2 511
1821 1 607
1821 3 1822
1823 1 1820
1823 2 607
1825 1 1826
1825 2 1828
1826 1 971
1826 2 807
1826 3 905
1827 1 1828
1827 3 1824
1828 1 1847
1828 3 1846
1829 2 1824
1829 3 1826
1830 1 1651
1831 3 1649
1832 1 1679
1832 3 111
1834 1 2085
1835 1 563
1835 3 1549
1836 2 1081
1836 3 201
1837 1 1123
1837 2 1840
1837 3 1838
1838 2 1967
1838 3 1971
1839 1 1836
1839 2 1123
1839 3 1840
1840 1 2081
1840 2 181
1841 1 1838
1841 2 1836
1841 3 1123
1842 2 1860
1842 3 945
1843 1 1053
1843 3 1844
1844 3 1861
1845 1 1842
1845 2 1053
1846 2 1846
1846 3 1829
1847 1 1829
1847 2 1847
1848 1 1938
1848 2 1936
1849 1 1457
1849 2 1469
1849 3 1451
1850 1 399
1850 3 1283
1851 1 1285
1851 2 741
1852 1 123
1852 3 1993
1853 1 1263
1853 3 1854
1854 1 1727
1854 2 1707
1854 3 1741
1855 1 1852
1855 2 1263
1856 2 1729
1857 1 1265
1857 2 1273
1858 1 383
1858 2 589
1858 3 811
1859 1 771
1859 2 363
1860 1 1845
1861 1 945
1861 2 1843
1863 1 1749
1863 3 1864
1865 1 1862
1865 2 1749
1866 1 947
1866 2 1745
1867 2 1049
1868 2 245
1868 3 1903
1869 1 1870
1869 3 1791
1870 2 2034
1871 2 1791
1871 3 1868
1872 1 1876
1872 2 729
1872 3 1874
1873 1 1279
1873 2 743
1874 1 397
1874 2 509
1874 3 1277
1875 1 1873
1875 2 1876
1875 3 729
1876 1 1281
1876 2 2054
1877 1 729
1877 2 1874
1877 3 1873
1878 1 1974
1878 2 1907
1878 3 1641
1879 1 1435
1879 2 1880
1880 3 1911
1881 2 1878
1881 3 1435
1882 1 417
1882 2 285
1882 3 321
1883 2 427
1883 3 1884
1884 1 421
1884 3 419
1885 1 1882
1885 3 427
1887 1 625
1887 2 1317
1887 3 1888
1889 1 1886
1889 2 625
1889 3 1317
1890 1 1207
1890 2 2229
1891 2 559
1892 3 1980
1893 1 1894
1893 2 1153
1893 3 1896
1894 1 1981
1894 3 2086
1895 1 1153
1895 2 1896
1895 3 1892
1896 1 1915
1896 3 993
1897 1 1892
1897 2 1894
1897 3 1153
1898 1 2093
1898 2 179
1898 3 2138
1899 1 387
1899 2 727
1899 3 819
1900 1 2033
1900 3 1301
1901 1 1755
1901 2 1902
1901 3 1904
1902 1 1869
1902 3 245
1903 1 1904
1903 2 1900
1903 3 1755
1904 1 251
1904 2 2032
1905 1 1900
1905 2 1755
1905 3 1902
1906 1 1641
1906 2 1879
1906 3 1974
1907 1 1910
1907 2 1908
1908 1 249
1908 3 1975
1909 2 1906
1909 3 1910
1910 1 1881
1911 1 1908
1911 3 1906
1912 1 1617
1912 2 725
1912 3 1611
1913 1 1613
1913 2 603
1913 3 915
1914 2 993
1914 3 1897
1915 2 861
1915 3 1769
1916 1 2082
1916 2 1547
1916 3 1069
1917 1 595
1919 2 1920
1919 3 689
1921 1 689
1921 2 1918
1922 1 557
1922 2 731
1922 3 1926
1923 1 1924
1923 2 1237
1923 3 561
1924 2 2190
1924 3 2192
1925 1 1237
1925 2 561
1925 3 1922
1926 2 2176
1926 3 2178
1927 1 1923
1927 2 557
1927 3 731
1928 2 1243
1928 3 2160
1929 1 1930
1929 3 1819
1930 1 2197
1930 2 2171
1931 2 1819
1931 3 1928
1932 1 737
1932 2 2084
1932 3 2083
1933 2 1653
1933 3 1934
1935 1 1932
1935 3 1653
1936 1 2072
1936 2 895
1937 2 1849
1937 3 1938
1938 1 1455
1938 2 2076
1938 3 2075
1939 1 1936
1939 3 1849
1940 1 1293
1940 2 2123
1940 3 1759
1941 3 1683
1942 1 153
1942 2 1587
1942 3 1061
1943 1 1331
1943 3 1063
1944 1 1953
1945 1 1948
1945 2 1343
1945 3 1946
1946 2 2134
1946 3 1673
1947 1 1944
1947 2 1948
1947 3 1343
1948 1 1545
1949 1 1343
1949 2 1946
1949 3 1944
1952 3 1945
1954 2 113
1954 3 1667
1955 2 1689
1956 3 2031
1957 3 1958
1958 1 1133
1958 2 2208
1959 1 1956
1960 1 2030
1960 2 2011
1960 3 1693
1961 1 823
1961 2 1962
1961 3 761
1962 1 1691
1962 2 1291
1962 3 1347
1963 1 761
1963 2 1960
1963 3 823
1964 1 1972
1964 3 1970
1965 1 1966
1965 2 1143
1966 1 1971
1966 2 1839
1967 1 1143
1967 3 1964
1968 2 1973
1968 3 1145
1969 1 1141
1969 2 1697
1970 1 1839
1970 3 1967
1971 1 1965
1971 2 1972
1972 1 1145
1972 2 1969
1973 2 1970
1973 3 1965
1974 1 1909
1974 2 249
1975 1 1907
1975 2 1641
1975 3 1879
1976 1 1585
1976 2 1589
1976 3 2044
1977 1 1978
1977 2 129
1978 1 2045
1978 2 1583
1978 3 161
1979 1 129
1979 3 1976
1980 2 2086
1980 3 1895
1981 1 1893
1983 1 877
1983 3 865
1984 1 2060
1984 2 2062
1984 3 2058
1985 1 857
1985 2 1163
1985 3 847
1987 2 845
1988 3 1625
1989 1 1629
1989 2 1605
1989 3 1615
1990 1 135
1990 2 2100
1991 2 1994
1991 3 1992
1992 1 1853
1992 2 123
1993 1 1990
1993 3 1994
1994 1 1996
1994 3 695
1995 1 1992
1995 2 1990
1996 2 1659
1996 3 101
1997 2 695
1997 3 1995
1998 2 2027
2000 3 1341
2001 3 2002
2002 1 2028
2002 2 2026
2002 3 2025
2003 1 2000
2005 2 1321
2005 3 1231
2008 1 1477
2008 3 2089
2009 1 1771
2009 2 1147
2009 3 255
2010 1 1693
2010 2 1961
2010 3 2030
2011 1 1129
2011 3 2012
2012 1 177
2012 2 2092
2012 3 1695
2013 1 2010
2013 2 1129
2014 1 2231
2014 3 749
2015 1 1319
2015 2 1259
2016 2 2114
2016 3 1355
2017 2 1325
2017 3 747
2018 2 2244
2018 3 1677
2019 1 2020
2019 3 2022
2020 1 2040
2020 3 2038
2021 2 2022
2021 3 2018
2022 1 2053
2022 2 117
2022 3 2232
2023 1 2018
2023 2 2020
2024 1 2003
2024 2 2028
2024 3 2026
2025 1 1665
2025 3 381
2026 2 1999
2027 1 2025
2027 2 2003
2027 3 2028
2028 2 2136
2028 3 1335
2029 1 2026
2029 2 2025
2029 3 2003
2030 1 1957
2031 1 2011
2031 2 1693
2031 3 1961
2032 2 1301
2032 3 1901
2033 2 1905
2033 3 251
2035 2 1871
2036 2 859
2037 2 1269
2037 3 1527
2038 1 2050
2038 2 147
2038 3 2052
2039 1 2021
2039 2 2040
2040 1 2237
2040 3 2107
2041 2 2038
2041 3 2021
2044 1 1583
2044 2 161
2044 3 1979
2045 1 1977
2045 2 1585
2045 3 1589
2046 1 173
2046 2 2080
2046 3 2078
2047 1 1127
2047 2 2048
2047 3 185
2048 1 227
2048 3 1371
2049 1 185
2049 2 2046
2049 3 1127
2050 1 2109
2050 3 2239
2051 1 147
2051 2 2052
2051 3 2039
2052 1 117
2052 2 2232
2052 3 2023
2053 1 2039
2053 2 2050
2053 3 147
2054 3 1687
2055 2 1877
2055 3 1281
2056 1 391
2056 3 2139
2057 1 171
2057 2 1739
2057 3 395
2058 1 2066
2058 2 2064
2058 3 853
2059 1 1985
2059 2 2060
2059 3 2062
2061 1 2062
2061 2 2058
2061 3 1985
2063 1 2058
2063 2 1985
2063 3 2060
2065 1 853
2065 2 2059
2065 3 2066
2067 1 2064
2067 2 853
2067 3 2059
2069 2 1637
2071 1 1165
2071 3 1631
2072 1 2074
2072 3 1475
2073 1 895
2073 3 1937
2074 1 1939
2074 2 1455
2074 3 2076
2075 2 1475
2075 3 2073
2077 1 2075
2077 2 1939
2077 3 1455
2079 1 2047
2079 2 173
2079 3 2080
2080 1 181
2080 3 1841
2081 1 2078
2081 2 2047
2081 3 173
2082 1 1933
2082 2 737
2082 3 2084
2083 1 1547
2083 2 1069
2083 3 1917
2084 3 1835
2085 1 2083
2085 2 1933
2085 3 737
2087 1 1895
2087 2 1981
2088 1 2009
2088 2 1477
2089 1 2090
2089 3 531
2091 2 531
2091 3 2088
2092 1 179
2092 2 2138
2092 3 1899
2093 1 1695
2093 2 2013
2093 3 177
2094 1 1531
2094 2 2149
2095 2 633
2096 2 2128
2097 2 2098
2098 2 1541
2098 3 1803
2099 2 2096
2100 2 2111
2100 3 2105
2101 2 1991
2101 3 135
2102 2 1397
2102 3 1507
2103 1 2104
2103 3 2106
2104 1 2101
2104 3 2111
2105 2 2106
2105 3 2102
2106 1 2041
2106 2 2237
2107 1 2102
2107 2 2104
2108 2 2239
2108 3 2051
2109 1 2110
2109 3 165
2110 1 2105
2110 2 2101
2111 2 165
2111 3 2108
2113 2 1091
2114 1 2255
2114 3 715
2115 1 1355
2115 2 2017
2116 1 2254
2116 3 13
2117 1 1773
2117 3 733
2118 1 2188
2118 2 1757
2119 1 2122
2119 3 2120
2120 1 1287
2120 2 405
2121 1 2118
2121 2 2122
2122 1 1759
2122 2 1941
2122 3 1293
2123 2 2120
2123 3 2118
2124 1 2132
2124 2 2131
2124 3 323
2125 1 423
2125 2 2126
2126 1 425
2127 2 2124
2127 3 423
2129 2 2097
2130 1 323
2130 2 2125
2130 3 2132
2131 1 981
2131 2 315
2132 2 831
2132 3 1655
2133 1 2131
2133 2 323
2133 3 2125
2134 3 1675
2135 1 1673
2135 2 1947
2136 1 2145
2136 2 1337
2137 1 1335
2137 2 2029
2138 1 2057
2138 2 391
2139 1 1899
2139 2 2093
2139 3 179
2140 1 2146
2140 2 2148
2141 2 377
2142 1 2246
2142 2 2235
2143 1 1669
2143 2 2144
2144 1 1337
2144 3 2137
2145 2 2142
2145 3 1669
2147 1 2148
2147 3 2141
2148 2 2095
2148 3 1531
2149 2 2141
2149 3 2146
2150 1 2236
2150 2 2234
2151 1 1785
2151 2 2152
2153 2 2150
2153 3 1785
2154 1 2242
2154 3 2215
2155 1 1553
2155 2 977
2155 3 1763
2156 1 543
2156 2 2182
2156 3 2180
2157 1 2158
2157 2 1193
2158 1 2223
2158 2 2163
2158 3 1183
2159 1 1193
2159 3 2156
2160 1 2198
2160 2 2194
2160 3 2196
2161 1 1929
2161 3 1243
2162 1 1183
2162 2 2159
2162 3 2223
2163 1 2164
2163 2 1239
2163 3 1197
2164 1 2225
2164 2 2199
2165 1 1239
2165 2 1197
2165 3 2162
2166 1 2195
2166 2 2221
2166 3 2226
2167 1 2168
2167 3 2170
2168 1 2227
2168 2 2183
2169 2 2170
2169 3 2166
2170 2 1931
2170 3 2197
2171 1 2166
2171 2 2168
2172 1 1235
2172 2 2193
2173 1 2174
2173 2 1199
2174 1 2217
2174 3 1185
2175 1 1199
2175 3 2172
2176 1 2200
2176 3 2202
2177 1 2178
2177 2 1927
2178 2 2216
2178 3 2191
2179 1 1927
2179 3 2176
2180 1 2220
2180 2 2224
2180 3 2222
2181 1 2157
2181 2 543
2181 3 2182
2182 2 2169
2182 3 2227
2183 1 2180
2183 2 2157
2183 3 543
2184 1 225
2184 3 1099
2185 2 2186
2185 3 223
2186 1 1353
2186 2 1345
2186 3 2214
2187 1 223
2187 2 2184
2188 1 755
2188 3 2240
2189 1 1757
2189 3 2119
2190 1 2179
2190 3 2216
2191 1 2192
2191 2 1925
2192 2 2173
2192 3 1235
2193 1 1925
2193 3 2190
2194 1 2221
2194 2 2226
2194 3 2167
2195 1 2196
2195 2 2161
2195 3 2198
2196 1 2171
2196 3 1931
2197 1 2161
2197 2 2198
2197 3 2194
2198 2 2165
2198 3 2225
2199 1 2194
2199 2 2196
2199 3 2161
2201 2 2202
2201 3 2177
2202 1 1463
2202 2 921
2203 1 2177
2203 2 2200
2205 2 1815
2205 3 1131
2207 2 81
2207 3 151
2209 2 1959
2209 3 1133
2211 1 2212
2211 2 863
2213 1 863
2213 3 2210
2214 1 2155
2214 2 2242
2215 1 2187
2215 2 1353
2215 3 1345
2216 2 1185
2216 3 2175
2217 1 2191
2217 2 2179
2219 2 1777
2220 1 2226
2220 2 2167
2220 3 2195
2221 1 2224
2221 2 2222
2221 3 2181
2222 1 2163
2222 2 1183
2222 3 2159
2223 1 2181
2223 2 2220
2223 3 2224
2224 1 2199
2224 3 2165
2225 1 2222
2225 2 2181
2225 3 2220
2226 1 2183
2226 3 2169
2227 1 2167
2227 2 2195
2227 3 2221
2228 2 1891
2228 3 1207
2229 1 1203
2229 2 1011
2230 2 749
2230 3 2015
2231 3 1305
2232 1 91
2232 2 2248
2232 3 2245
2233 1 2023
2233 2 2053
2233 3 117
2234 2 2143
2234 3 2246
2235 2 2151
2235 3 2236
2236 2 2107
2236 3 2041
2237 1 2234
2237 3 2151
2238 1 2051
2238 2 2109
2239 2 105
2239 3 507
2241 1 2189
2241 2 755
2242 1 367
2242 3 221
2243 2 2215
2243 3 2155
2244 1 2233
2244 2 91
2244 3 2248
2245 1 1677
2245 2 2019
2246 2 1351
2246 3 1681
2247 1 2235
2247 3 2143
2249 1 2245
2249 2 2233
2249 3 91
2251 1 1767
2251 2 2252
2253 2 2250
2253 3 1767
2254 2 715
2254 3 2115
2255 2 13
2255 3 2117
