816
0 10800 20
17
4 20 48 76 104 132 160 188 216 244 272 300 328 356 384 412 440
0 10800 30
18
8 12 40 68 96 124 152 180 208 236 264 292 320 348 376 402 410 418
6750 6751 1
3
195 196 222
1980 1981 1
8
176 180 208 236 264 292 320 345
4311 4312 1
7
279 280 308 336 364 392 418
1440 1441 1
9
441 413 385 357 329 301 273 263 261
3972 3973 1
5
176 180 208 236 261
1980 1981 1
5
335 336 364 392 418
2700 2701 1
6
4 11 12 40 68 93
9123 9124 1
5
120 122 130 140 166
9864 9865 1
14
419 420 439 413 385 357 329 301 273 245 217 189 186 194
900 901 1
11
260 264 290 273 245 217 189 161 151 152 177
10440 10441 1
19
449 439 413 385 357 329 301 273 245 217 189 161 133 105 77 49 21 18 7
3780 3781 1
18
449 439 413 385 357 329 301 273 245 217 189 161 133 105 77 49 21 5
4860 4861 1
17
6 28 56 84 112 140 168 196 224 252 280 308 336 364 392 420 448
6519 6520 1
11
148 152 178 161 133 105 77 49 21 18 7
6255 6256 1
15
55 56 84 112 140 168 196 224 252 280 308 336 364 392 418
5268 5269 1
10
449 439 413 385 357 329 301 298 308 334
1440 1441 1
17
449 439 413 385 357 329 301 273 245 217 189 161 133 105 77 74 82
168 169 1
8
391 383 357 329 301 298 308 334
9246 9247 1
8
288 292 320 348 376 404 430 440
4500 4501 1
16
363 364 383 357 329 301 273 245 217 189 161 133 105 77 74 82
5760 5761 1
11
148 152 178 161 133 105 77 49 39 40 65
5085 5086 1
6
363 364 392 420 439 440
7419 7420 1
12
419 420 439 413 385 357 329 301 273 245 242 250
8595 8596 1
11
223 224 252 280 308 336 364 392 420 439 440
10080 10081 1
5
4 11 12 40 65
5400 5401 1
14
111 112 140 168 196 224 252 280 308 336 364 383 375 373
4551 4552 1
15
433 430 413 385 357 329 301 273 245 217 189 161 133 130 138
4518 4519 1
7
83 84 112 140 168 196 222
1008 1009 1
14
83 84 112 140 168 196 224 252 280 308 336 364 392 418
3756 3757 1
18
441 413 385 357 329 301 273 245 217 189 161 133 105 77 49 21 18 7
4365 4366 1
11
83 84 112 140 168 196 224 252 280 308 334
6459 6460 1
11
83 84 103 95 96 124 152 180 208 236 261
8061 8062 1
7
335 336 364 383 375 376 401
8292 8293 1
12
195 196 215 189 161 133 105 77 49 21 11 3
9180 9181 1
10
167 168 196 224 252 280 308 336 364 390
2880 2881 1
7
232 234 217 189 186 196 222
8118 8119 1
18
449 439 413 385 357 329 301 273 245 217 189 161 133 105 77 49 21 5
3420 3421 1
19
400 402 385 357 329 301 273 245 217 189 161 133 105 77 49 21 18 28 54
6480 6481 1
9
307 308 327 319 320 348 376 404 432
2340 2341 1
17
6 28 56 84 112 140 168 196 224 252 280 308 336 364 392 420 448
3240 3241 1
8
139 140 168 196 224 252 280 306
8433 8434 1
5
316 320 346 354 362
4197 4198 1
6
391 383 357 329 319 317
3240 3241 1
11
372 376 402 385 357 329 301 273 263 264 289
3783 3784 1
15
441 413 385 357 329 301 273 245 217 189 161 133 130 140 166
8160 8161 1
3
441 431 432
5595 5596 1
15
335 327 301 273 245 217 189 161 133 105 77 49 21 18 7
1440 1441 1
17
449 439 413 385 357 329 301 273 245 217 189 161 133 105 77 74 82
8460 8461 1
11
64 66 74 84 112 140 168 196 224 252 278
8154 8155 1
9
433 430 413 385 357 329 319 320 345
1365 1366 1
5
6 28 56 84 110
1800 1801 1
7
279 271 245 217 189 186 194
2055 2056 1
7
6 28 56 84 103 95 93
6594 6595 1
17
441 413 385 357 329 301 273 245 217 189 161 133 105 77 49 21 5
5940 5941 1
12
363 364 383 357 329 301 273 245 217 189 186 194
7380 7381 1
17
36 40 68 96 124 152 180 208 236 264 292 320 348 376 404 430 440
5658 5659 1
5
55 47 21 18 7
3243 3244 1
19
449 439 413 385 357 329 301 273 245 217 189 161 133 105 77 49 21 11 3
6012 6013 1
19
419 420 439 413 385 357 329 301 273 245 217 189 161 133 105 77 49 21 5
9840 9841 1
17
4 18 28 56 84 112 140 168 196 224 252 280 308 336 364 392 418
10077 10078 1
12
391 383 357 329 301 273 245 217 189 186 196 222
9180 9181 1
13
433 430 413 385 357 329 301 273 245 217 189 186 194
3960 3961 1
11
449 439 413 385 357 329 301 273 263 264 289
5220 5221 1
16
4 11 12 40 68 96 124 152 180 208 236 264 292 320 348 373
9306 9307 1
6
167 168 196 224 252 278
2277 2278 1
18
449 439 413 385 357 329 301 273 245 217 189 161 133 105 77 74 84 110
6300 6301 1
17
391 383 357 329 301 273 245 217 189 161 133 105 77 49 21 18 7
360 361 1
5
204 208 234 242 250
10620 10621 1
15
363 364 383 357 329 301 273 245 217 189 161 133 130 140 166
8904 8905 1
7
55 56 84 112 140 168 194
10644 10645 1
6
288 290 273 245 242 250
6069 6070 1
18
4 18 28 56 84 112 140 168 196 224 252 280 308 336 364 392 420 448
243 244 1
9
139 140 159 133 105 77 74 84 110
10260 10261 1
10
83 84 112 140 168 196 224 252 280 306
9330 9331 1
8
6 28 56 84 112 140 168 194
9720 9721 1
5
6 28 56 84 110
705 706 1
10
4 18 28 56 84 112 140 168 196 222
8820 8821 1
14
92 96 124 152 180 208 236 264 292 320 348 376 404 432
9879 9880 1
11
167 168 196 224 252 280 308 336 364 392 418
3060 3061 1
10
139 140 168 196 224 252 280 308 336 362
1317 1318 1
6
363 364 392 420 439 440
10269 10270 1
10
335 327 301 273 245 217 189 161 151 149
4140 4141 1
13
83 84 112 140 168 196 224 252 280 308 336 364 390
8289 8290 1
3
83 84 110
7920 7921 1
5
167 168 196 224 250
2160 2161 1
6
391 383 375 376 404 432
8205 8206 1
8
139 140 159 133 105 77 74 82
1374 1375 1
8
167 168 196 224 252 280 308 334
4500 4501 1
4
195 196 224 250
6267 6268 1
8
400 402 385 357 329 301 298 306
2061 2062 1
17
6 28 56 84 112 140 168 196 224 252 280 308 336 364 392 420 448
5034 5035 1
16
307 308 327 301 273 245 217 189 161 133 105 77 49 21 18 7
9174 9175 1
18
2 12 40 66 74 84 112 140 168 196 224 252 280 308 336 364 392 418
6951 6952 1
9
6 28 56 84 103 95 96 124 149
7380 7381 1
11
449 439 413 385 357 329 301 273 245 242 250
9519 9520 1
9
449 439 413 385 357 329 301 298 306
2511 2512 1
11
6 28 56 84 103 95 96 124 152 180 205
9066 9067 1
4
251 252 280 306
243 244 1
9
139 140 159 133 105 77 74 84 110
8100 8101 1
19
449 439 413 385 357 329 301 273 245 217 189 161 133 105 77 49 21 18 7
6903 6904 1
9
4 18 28 56 84 112 140 168 194
3351 3352 1
9
167 159 133 105 77 49 21 18 7
5040 5041 1
6
6 28 56 84 112 138
4878 4879 1
15
335 327 301 273 245 217 189 161 133 105 77 49 21 18 7
4050 4051 1
12
419 420 439 413 385 357 329 301 273 245 242 250
2106 2107 1
10
139 140 159 133 105 77 49 21 18 7
10353 10354 1
17
36 40 68 96 124 152 180 208 236 264 292 320 348 376 404 430 440
390 391 1
12
195 196 215 189 161 133 105 77 49 21 18 7
750 751 1
7
176 178 186 196 224 252 278
8325 8326 1
10
139 140 159 133 105 77 49 21 18 7
7020 7021 1
17
6 28 56 84 112 140 168 196 224 252 280 308 336 364 392 420 448
4320 4321 1
12
120 124 152 180 208 236 264 292 320 348 376 401
6603 6604 1
19
449 439 413 385 357 329 301 273 245 217 189 161 133 105 77 49 21 18 7
9900 9901 1
10
260 264 290 273 245 217 189 161 151 149
1872 1873 1
15
363 364 383 357 329 301 273 245 217 189 161 133 130 140 166
3885 3886 1
11
195 196 224 252 280 308 327 319 320 348 373
5760 5761 1
4
2 10 18 7
9888 9889 1
3
55 56 82
7920 7921 1
4
6 19 11 3
7248 7249 1
6
64 68 96 124 152 177
4659 4660 1
5
55 47 21 18 7
10356 10357 1
19
449 439 413 385 357 329 301 273 245 217 189 161 133 105 77 49 21 18 7
3600 3601 1
11
176 178 186 196 224 252 280 308 336 364 390
2016 2017 1
5
139 140 168 196 222
7779 7780 1
9
55 56 84 112 140 168 196 224 250
10140 10141 1
13
204 208 234 217 189 161 133 105 77 49 39 40 65
900 901 1
10
251 252 271 245 217 189 161 133 130 138
8187 8188 1
14
92 96 124 152 180 208 236 264 292 320 348 376 404 432
8850 8851 1
11
400 402 385 357 329 301 273 245 217 207 205
1611 1612 1
10
83 84 112 140 168 196 224 252 280 306
9183 9184 1
14
139 140 168 196 224 252 280 308 336 364 383 375 376 401
4500 4501 1
3
4 18 7
9900 9901 1
5
64 66 49 39 37
36 37 1
14
83 84 112 140 168 196 224 252 280 308 336 364 392 418
1980 1981 1
13
400 402 385 357 329 301 273 245 217 189 161 151 149
8100 8101 1
6
400 402 385 357 354 362
198 199 1
9
251 252 280 308 336 364 392 420 448
10017 10018 1
10
6 28 56 84 112 140 168 196 224 250
1146 1147 1
3
64 68 93
5820 5821 1
8
167 168 196 224 252 280 308 334
8400 8401 1
10
167 168 196 224 252 280 308 336 364 390
3240 3241 1
17
6 28 56 84 112 140 168 196 224 252 280 308 336 364 392 420 448
4860 4861 1
9
251 252 271 245 217 189 161 151 149
360 361 1
7
195 196 224 252 280 308 334
5760 5761 1
8
167 159 133 105 77 74 84 110
9540 9541 1
9
251 252 280 308 336 364 392 420 448
5658 5659 1
5
55 47 21 18 7
1407 1408 1
4
363 364 392 418
6108 6109 1
14
204 208 234 217 189 161 133 105 77 49 21 18 28 54
576 577 1
3
195 196 222
300 301 1
14
4 18 28 56 84 112 140 168 196 224 252 280 308 334
10536 10537 1
3
449 439 440
3063 3064 1
4
6 28 56 82
7311 7312 1
13
148 152 180 208 236 264 292 320 348 376 402 410 418
8952 8953 1
15
307 308 327 301 273 245 217 189 161 133 105 77 74 84 110
1347 1348 1
3
441 431 432
7560 7561 1
16
36 40 66 74 84 112 140 168 196 224 252 280 308 336 364 390
3357 3358 1
4
2 10 18 7
4803 4804 1
13
139 140 168 196 224 252 280 308 336 364 392 420 448
7845 7846 1
11
307 308 327 301 273 245 217 189 161 151 149
6318 6319 1
4
2 10 18 7
2685 2686 1
4
363 364 392 418
8460 8461 1
4
363 364 392 418
2520 2521 1
8
279 280 308 336 364 392 420 448
3021 3022 1
5
139 140 168 196 222
5220 5221 1
12
148 152 180 208 236 264 292 320 348 376 404 432
5070 5071 1
3
4 18 7
5040 5041 1
9
335 327 301 273 245 217 189 186 194
2442 2443 1
4
195 196 224 250
7185 7186 1
12
223 224 252 280 308 336 364 383 375 376 404 432
1275 1276 1
3
433 430 440
8640 8641 1
5
92 96 124 152 177
180 181 1
17
441 413 385 357 329 301 273 245 217 189 161 133 105 77 49 21 5
7938 7939 1
14
111 112 140 168 196 224 252 280 308 336 364 392 420 448
2028 2029 1
9
64 66 74 84 112 140 168 196 222
8148 8149 1
19
449 439 413 385 357 329 301 273 245 217 189 161 133 105 77 49 21 18 7
5040 5041 1
5
251 252 280 308 334
1800 1801 1
4
2 10 18 7
9783 9784 1
11
139 140 168 196 224 252 280 308 327 319 317
3948 3949 1
13
6 28 56 84 112 140 168 196 224 252 280 308 334
2376 2377 1
4
223 215 207 205
7452 7453 1
19
372 376 402 385 357 329 301 273 245 217 189 161 133 105 77 49 39 40 65
8280 8281 1
19
2 12 40 68 96 124 152 180 208 236 264 292 320 348 376 402 410 420 448
3096 3097 1
7
83 84 112 140 159 151 149
8733 8734 1
11
167 168 196 224 252 280 308 336 364 392 418
6087 6088 1
4
279 280 308 334
5400 5401 1
16
307 308 327 301 273 245 217 189 161 133 105 77 49 21 18 7
4680 4681 1
19
449 439 413 385 357 329 301 273 245 217 189 161 133 105 77 49 21 18 7
6660 6661 1
11
195 196 215 189 161 133 105 77 74 84 110
9609 9610 1
7
307 308 336 364 392 420 448
8679 8680 1
9
433 430 413 385 357 329 319 320 345
9420 9421 1
5
64 68 96 124 149
10449 10450 1
4
6 28 56 82
8691 8692 1
11
195 196 224 252 280 308 336 364 392 420 448
9720 9721 1
9
316 320 346 329 301 273 245 242 250
10620 10621 1
6
232 234 217 189 186 194
3780 3781 1
12
64 66 74 84 112 140 168 196 224 252 280 306
10089 10090 1
13
391 383 357 329 301 273 245 217 189 161 133 130 138
9720 9721 1
11
232 234 217 189 161 133 105 77 49 39 37
4047 4048 1
7
449 439 413 385 357 354 362
7740 7741 1
6
260 264 290 298 308 334
9360 9361 1
6
260 264 292 320 348 373
5580 5581 1
11
120 122 130 140 168 196 224 252 280 308 334
4680 4681 1
7
441 413 385 357 354 364 390
3960 3961 1
7
433 430 413 385 357 354 362
7020 7021 1
7
111 112 140 168 196 224 250
9864 9865 1
14
419 420 439 413 385 357 329 301 273 245 217 189 186 194
7110 7111 1
18
4 11 12 40 68 96 124 152 180 208 236 264 292 320 348 376 404 432
2880 2881 1
10
433 430 413 385 357 329 301 298 308 334
8442 8443 1
8
449 439 413 385 357 354 364 390
3057 3058 1
5
92 96 122 130 138
1032 1033 1
14
92 96 122 130 140 168 196 224 252 280 308 336 364 390
6927 6928 1
12
4 18 28 56 84 112 140 168 196 224 252 278
1668 1669 1
19
2 12 40 68 96 124 152 180 208 236 264 292 320 348 376 402 410 420 448
1143 1144 1
5
6 28 56 84 110
7740 7741 1
10
167 159 133 105 77 49 21 18 28 54
7248 7249 1
16
307 308 327 301 273 245 217 189 161 133 105 77 49 21 18 7
9720 9721 1
19
400 402 385 357 329 301 273 245 217 189 161 133 105 77 49 21 18 28 54
2880 2881 1
10
4 18 28 56 84 112 140 168 196 222
7560 7561 1
10
279 280 308 336 364 383 375 376 404 432
5760 5761 1
4
55 56 84 110
7920 7921 1
11
139 140 168 196 224 252 280 308 336 364 390
1332 1333 1
8
167 159 133 105 77 74 84 110
3780 3781 1
6
307 308 327 319 320 345
8991 8992 1
8
139 140 159 133 105 77 74 82
6840 6841 1
19
433 430 413 385 357 329 301 273 245 217 189 161 133 105 77 49 21 11 3
9174 9175 1
8
307 308 327 301 273 245 242 250
3831 3832 1
11
111 112 140 168 196 224 252 280 308 336 362
5940 5941 1
10
441 413 385 357 329 301 273 263 264 289
3054 3055 1
4
433 430 438 448
180 181 1
18
449 439 413 385 357 329 301 273 245 217 189 161 133 105 77 49 21 5
1347 1348 1
11
251 252 271 245 217 189 161 133 130 140 166
9498 9499 1
10
6 28 56 84 112 140 168 196 224 250
3960 3961 1
3
4 11 3
7380 7381 1
17
36 40 68 96 124 152 180 208 236 264 292 320 348 376 404 430 440
4893 4894 1
11
195 196 224 252 280 308 336 364 392 420 448
1410 1411 1
13
6 28 56 84 112 140 168 196 224 252 280 308 334
0 1 1
10
83 84 112 140 168 196 224 252 280 306
9408 9409 1
17
363 364 383 357 329 301 273 245 217 189 161 133 105 77 49 21 5
6300 6301 1
16
111 112 140 168 196 224 252 280 308 336 364 383 375 376 404 432
3249 3250 1
3
251 252 278
5784 5785 1
7
111 103 77 49 21 18 7
5820 5821 1
8
167 168 196 224 252 280 308 334
2340 2341 1
17
391 383 357 329 301 273 245 217 189 161 133 105 77 49 21 18 7
3282 3283 1
17
4 11 12 40 68 96 124 152 180 208 236 264 292 320 348 376 401
9003 9004 1
7
111 103 77 49 21 18 7
9540 9541 1
13
288 290 273 245 217 189 161 133 105 77 49 21 5
3060 3061 1
10
139 140 168 196 224 252 280 308 336 362
9978 9979 1
9
167 159 133 105 77 49 21 18 7
2055 2056 1
7
6 28 56 84 103 95 93
5247 5248 1
9
111 112 140 168 196 224 252 280 306
7920 7921 1
6
111 112 140 159 151 149
5190 5191 1
7
391 383 357 329 301 298 306
1224 1225 1
17
6 28 56 84 112 140 168 196 224 252 280 308 336 364 392 420 448
8733 8734 1
11
167 168 196 224 252 280 308 336 364 392 418
7677 7678 1
7
251 252 280 308 336 364 390
0 1 1
4
307 308 336 362
9924 9925 1
17
441 413 385 357 329 301 273 245 217 189 161 133 105 77 49 21 5
10620 10621 1
6
288 290 298 308 336 362
2520 2521 1
13
232 234 217 189 161 133 105 77 49 21 18 28 54
9000 9001 1
10
232 234 217 189 161 133 105 95 96 121
6744 6745 1
8
195 196 215 189 161 133 130 138
6387 6388 1
10
4 11 12 40 68 96 124 152 180 205
9360 9361 1
4
176 180 208 233
4140 4141 1
5
223 224 252 280 306
4212 4213 1
9
195 196 215 189 161 133 105 95 93
8736 8737 1
16
433 430 413 385 357 329 301 273 245 217 189 161 133 130 140 166
9540 9541 1
13
288 290 273 245 217 189 161 133 105 77 49 21 5
0 1 1
6
372 376 404 430 438 448
9720 9721 1
6
251 252 280 308 336 362
9159 9160 1
15
307 308 327 301 273 245 217 189 161 133 105 77 74 84 110
9174 9175 1
18
2 12 40 66 74 84 112 140 168 196 224 252 280 308 336 364 392 418
1440 1441 1
17
6 28 56 84 112 140 168 196 224 252 280 308 336 364 392 420 448
9003 9004 1
9
288 290 273 245 217 189 161 151 149
3240 3241 1
4
4 18 28 54
2160 2161 1
14
307 308 327 301 273 245 217 189 161 133 105 77 74 82
45 46 1
11
111 103 95 96 124 152 180 208 236 264 289
8991 8992 1
11
344 346 329 301 273 245 217 189 161 151 149
10515 10516 1
19
449 439 413 385 357 329 301 273 245 217 189 161 133 105 77 49 21 18 7
3603 3604 1
12
260 264 290 273 245 217 189 161 133 130 140 166
5760 5761 1
5
4 18 28 56 82
2700 2701 1
5
260 264 290 298 306
1818 1819 1
13
279 271 245 217 189 161 133 105 77 49 21 11 3
9141 9142 1
12
419 420 439 413 385 357 329 301 273 245 242 250
9270 9271 1
3
4 11 3
6009 6010 1
5
223 215 189 186 194
672 673 1
14
111 112 140 168 196 224 252 280 308 336 364 392 420 448
1080 1081 1
13
363 364 383 357 329 301 273 245 217 189 186 196 222
6855 6856 1
7
279 280 308 336 364 392 418
8679 8680 1
9
433 430 413 385 357 329 319 320 345
1260 1261 1
10
139 140 159 133 105 77 49 21 11 3
9003 9004 1
11
195 196 215 189 161 133 105 77 49 21 5
2805 2806 1
13
139 140 168 196 224 252 280 308 336 364 392 420 448
1440 1441 1
10
251 252 271 245 217 189 161 133 130 138
10080 10081 1
4
6 19 11 3
1260 1261 1
11
433 430 413 385 357 329 301 273 245 242 250
702 703 1
5
288 290 298 308 334
2139 2140 1
12
400 402 385 357 329 301 273 245 217 207 208 233
10062 10063 1
12
449 439 413 385 357 329 301 273 245 242 252 278
3123 3124 1
5
449 439 413 410 418
4011 4012 1
13
55 56 84 103 95 96 124 152 180 208 236 264 289
9378 9379 1
17
6 28 56 84 112 140 168 196 224 252 280 308 336 364 392 420 448
9720 9721 1
6
2 12 40 68 96 121
5166 5167 1
3
441 431 432
4140 4141 1
6
92 96 124 152 180 205
4686 4687 1
8
335 327 301 273 245 217 207 205
4584 4585 1
13
251 252 271 245 217 189 161 133 105 77 49 21 5
1800 1801 1
18
433 430 413 385 357 329 301 273 245 217 189 161 133 105 77 49 21 5
7380 7381 1
5
195 196 224 252 278
540 541 1
11
260 264 290 273 245 217 189 161 151 152 177
1260 1261 1
14
391 383 357 329 301 273 245 217 189 161 133 130 140 166
8442 8443 1
8
449 439 413 385 357 354 364 390
2886 2887 1
17
6 28 56 84 112 140 168 196 224 252 280 308 336 364 392 420 448
1695 1696 1
19
449 439 413 385 357 329 301 273 245 217 189 161 133 105 77 49 21 18 7
8460 8461 1
17
449 439 413 385 357 329 301 273 245 217 189 161 133 105 77 74 82
7440 7441 1
4
6 19 11 3
1080 1081 1
9
167 159 133 105 77 49 21 18 7
7842 7843 1
3
6 19 5
1965 1966 1
10
441 413 385 357 329 301 273 263 264 289
10440 10441 1
13
363 364 383 357 329 301 273 245 217 189 161 151 149
4140 4141 1
9
441 413 385 357 329 301 298 308 334
2520 2521 1
12
2 12 40 66 74 84 112 140 168 196 224 250
5580 5581 1
12
223 224 252 280 308 336 364 383 375 376 404 432
5277 5278 1
11
335 327 301 273 245 217 189 161 151 152 177
8052 8053 1
11
223 224 252 280 308 336 364 392 420 439 440
9246 9247 1
4
232 234 242 250
6372 6373 1
14
120 124 152 180 208 236 264 292 320 348 376 404 430 440
441 442 1
14
139 140 168 196 224 252 280 308 336 364 392 420 439 440
5940 5941 1
9
232 236 264 292 320 348 376 404 432
5343 5344 1
3
139 140 166
10776 10777 1
11
195 196 224 252 280 308 336 364 392 420 448
7380 7381 1
14
167 168 196 224 252 280 308 336 364 383 375 376 404 432
2130 2131 1
5
139 140 168 196 222
4665 4666 1
9
6 28 56 84 112 140 168 196 222
1491 1492 1
4
111 112 140 166
3639 3640 1
9
148 152 178 161 133 105 77 74 82
7989 7990 1
7
391 383 357 329 301 298 306
900 901 1
10
251 252 271 245 217 189 161 133 130 138
5220 5221 1
5
316 320 346 354 362
5223 5224 1
15
433 430 413 385 357 329 301 273 245 217 189 161 133 130 138
5232 5233 1
18
441 413 385 357 329 301 273 245 217 189 161 133 105 77 49 21 11 3
5580 5581 1
7
441 413 385 357 329 319 317
10143 10144 1
10
223 224 252 280 308 336 364 392 420 448
2700 2701 1
19
449 439 413 385 357 329 301 273 245 217 189 161 133 105 77 49 21 18 7
5940 5941 1
9
232 236 264 292 320 348 376 404 432
6480 6481 1
12
195 196 215 189 161 133 105 77 49 21 18 7
1332 1333 1
8
167 159 133 105 77 74 84 110
1080 1081 1
7
120 122 105 77 49 21 5
810 811 1
14
433 430 413 385 357 329 301 273 245 217 189 186 196 222
7287 7288 1
13
4 11 12 40 68 96 124 152 180 208 236 264 289
939 940 1
16
4 18 28 56 84 112 140 168 196 224 252 280 308 336 364 390
3012 3013 1
18
4 11 12 40 68 96 124 152 180 208 236 264 292 320 348 376 404 432
5505 5506 1
8
83 84 103 77 49 21 18 7
3645 3646 1
4
55 47 39 37
7200 7201 1
9
139 140 168 196 224 252 280 308 334
3375 3376 1
4
6 28 56 82
2004 2005 1
6
335 336 364 392 420 448
2682 2683 1
10
449 439 413 385 357 329 301 298 308 334
1620 1621 1
18
441 413 385 357 329 301 273 245 217 189 161 133 105 77 49 21 11 3
6300 6301 1
13
167 168 196 224 252 280 308 336 364 392 420 439 440
3960 3961 1
6
176 180 208 236 264 289
5220 5221 1
12
363 364 383 357 329 301 273 245 217 189 186 194
10449 10450 1
4
6 28 56 82
4320 4321 1
4
83 84 112 138
900 901 1
13
279 271 245 217 189 161 133 105 77 49 21 18 7
8406 8407 1
8
260 264 290 273 245 217 207 205
6480 6481 1
8
363 364 383 357 329 301 298 306
9882 9883 1
14
419 420 439 413 385 357 329 301 273 245 217 189 186 194
4125 4126 1
7
111 112 140 168 196 224 250
9597 9598 1
7
83 84 112 140 159 151 149
6207 6208 1
5
316 320 346 354 362
8730 8731 1
16
36 40 68 96 124 152 180 208 236 264 292 320 348 376 404 432
10014 10015 1
9
279 280 308 336 364 392 420 439 440
3960 3961 1
14
344 346 329 301 273 245 217 189 161 133 105 95 96 121
9000 9001 1
4
279 280 308 334
1668 1669 1
19
2 12 40 68 96 124 152 180 208 236 264 292 320 348 376 402 410 420 448
2841 2842 1
7
279 271 245 217 189 186 194
2175 2176 1
3
449 439 440
849 850 1
9
419 420 439 413 385 357 354 364 390
198 199 1
9
251 252 280 308 336 364 392 420 448
4860 4861 1
14
335 327 301 273 245 217 189 161 133 105 77 49 21 5
5400 5401 1
18
400 402 385 357 329 301 273 245 217 189 161 133 105 77 49 39 40 65
1005 1006 1
17
363 364 383 357 329 301 273 245 217 189 161 133 105 77 74 84 110
1620 1621 1
11
139 140 168 196 224 252 280 308 336 364 390
1080 1081 1
11
391 383 357 329 301 273 245 217 189 186 194
900 901 1
11
260 264 290 273 245 217 189 161 151 152 177
3 4 1
6
335 336 364 392 420 448
5682 5683 1
8
232 234 217 189 161 151 152 177
8640 8641 1
5
232 236 264 292 317
5532 5533 1
12
195 196 224 252 280 308 336 364 392 420 439 440
8100 8101 1
18
441 413 385 357 329 301 273 245 217 189 161 133 105 77 49 21 18 7
2880 2881 1
4
6 19 11 3
10188 10189 1
12
4 18 28 56 84 112 140 168 196 224 252 278
3186 3187 1
6
391 383 375 376 404 432
3960 3961 1
5
139 140 159 151 149
10620 10621 1
19
433 430 413 385 357 329 301 273 245 217 189 161 133 105 77 49 39 40 65
2496 2497 1
17
6 28 56 84 112 140 168 196 224 252 280 308 336 364 392 420 448
360 361 1
9
251 252 271 245 217 189 186 196 222
1815 1816 1
18
433 430 413 385 357 329 301 273 245 217 189 161 133 105 77 74 84 110
5400 5401 1
5
232 234 242 252 278
4374 4375 1
12
449 439 413 385 357 329 301 273 245 242 252 278
2160 2161 1
12
419 420 439 413 385 357 329 301 273 263 264 289
1620 1621 1
10
223 215 189 161 133 105 77 74 84 110
4500 4501 1
6
120 122 105 77 74 82
8820 8821 1
6
260 264 292 320 348 373
8607 8608 1
3
441 431 432
4860 4861 1
14
64 68 96 124 152 180 208 236 264 292 320 348 376 401
2244 2245 1
4
4 18 28 54
4464 4465 1
5
223 224 252 280 306
7230 7231 1
9
4 18 28 56 84 112 140 168 194
7560 7561 1
10
279 280 308 336 364 383 375 376 404 432
1602 1603 1
8
55 56 84 112 140 159 151 149
5877 5878 1
9
223 215 207 208 236 264 292 320 345
3153 3154 1
12
195 196 224 252 280 308 336 364 392 420 439 440
9750 9751 1
6
400 402 385 357 354 362
360 361 1
14
307 308 327 301 273 245 217 189 161 133 105 95 96 121
435 436 1
5
139 140 159 151 149
5784 5785 1
7
111 103 77 49 21 18 7
360 361 1
4
449 439 431 432
9180 9181 1
10
449 439 413 385 357 329 301 298 308 334
10440 10441 1
7
111 112 140 168 196 224 250
2436 2437 1
12
195 196 215 189 161 133 105 77 49 21 18 7
7740 7741 1
9
148 152 178 161 133 105 77 74 82
5688 5689 1
19
449 439 413 385 357 329 301 273 245 217 189 161 133 105 77 49 21 11 3
8178 8179 1
3
391 392 418
5400 5401 1
10
2 12 40 66 74 84 112 140 168 194
435 436 1
5
139 140 159 151 149
8511 8512 1
10
167 159 133 105 77 49 21 18 28 54
3741 3742 1
19
449 439 413 385 357 329 301 273 245 217 189 161 133 105 77 49 21 18 7
10011 10012 1
15
83 84 112 140 168 196 224 252 280 308 336 364 392 420 448
5187 5188 1
10
223 224 252 280 308 336 364 392 420 448
8928 8929 1
19
4 18 28 56 84 112 140 168 196 224 252 280 308 336 364 392 420 439 440
10017 10018 1
7
204 208 236 264 292 320 345
4680 4681 1
7
232 234 217 189 186 196 222
8565 8566 1
8
167 159 133 105 77 49 21 5
7020 7021 1
3
2 10 5
4563 4564 1
5
176 180 208 236 261
10440 10441 1
8
232 234 217 189 161 133 130 138
7200 7201 1
18
4 18 28 56 84 112 140 168 196 224 252 280 308 336 364 392 420 448
9900 9901 1
14
441 413 385 357 329 301 273 245 217 189 161 151 152 177
5505 5506 1
8
83 84 103 77 49 21 18 7
4377 4378 1
12
83 84 112 140 168 196 224 252 280 308 336 362
2250 2251 1
7
449 439 413 385 357 354 362
3420 3421 1
19
400 402 385 357 329 301 273 245 217 189 161 133 105 77 49 21 18 28 54
9180 9181 1
4
6 19 11 3
2640 2641 1
7
83 84 103 77 49 21 5
10440 10441 1
6
4 18 28 56 84 110
7470 7471 1
10
111 112 140 168 196 224 252 280 308 334
3135 3136 1
4
55 47 21 5
7740 7741 1
7
223 224 252 280 308 336 362
4443 4444 1
14
55 56 84 112 140 168 196 224 252 280 308 336 364 390
9270 9271 1
3
4 11 3
4584 4585 1
9
195 196 224 252 280 308 336 364 390
8706 8707 1
6
195 196 215 207 208 233
2931 2932 1
11
195 196 215 189 161 133 105 77 74 84 110
4365 4366 1
11
83 84 112 140 168 196 224 252 280 308 334
7200 7201 1
9
139 140 168 196 224 252 280 308 334
0 1 1
13
167 168 196 224 252 280 308 336 364 392 420 439 440
9813 9814 1
6
64 66 74 84 112 138
6660 6661 1
6
6 28 56 84 112 138
867 868 1
5
372 376 402 410 418
10425 10426 1
8
83 84 112 140 159 151 152 177
3240 3241 1
18
441 413 385 357 329 301 273 245 217 189 161 133 105 77 49 39 40 65
2643 2644 1
3
6 19 5
2337 2338 1
12
441 413 385 357 329 301 273 245 217 189 186 194
7167 7168 1
9
419 420 439 413 385 357 354 364 390
6267 6268 1
8
400 402 385 357 329 301 298 306
8607 8608 1
3
441 431 432
3438 3439 1
15
363 364 383 357 329 301 273 245 217 189 161 133 130 140 166
939 940 1
4
6 19 11 3
4140 4141 1
4
433 430 438 448
72 73 1
4
2 10 18 7
558 559 1
16
363 364 383 357 329 301 273 245 217 189 161 133 105 77 74 82
5940 5941 1
14
6 28 56 84 112 140 168 196 224 252 280 308 336 362
429 430 1
11
344 346 329 301 273 245 217 189 186 196 222
7230 7231 1
9
4 18 28 56 84 112 140 168 194
6447 6448 1
10
223 215 189 161 133 105 77 49 21 5
4320 4321 1
11
4 18 28 56 84 112 140 168 196 224 250
414 415 1
8
449 439 413 385 357 354 364 390
4500 4501 1
17
441 413 385 357 329 301 273 245 217 189 161 133 105 77 49 21 5
9840 9841 1
17
4 18 28 56 84 112 140 168 196 224 252 280 308 336 364 392 418
900 901 1
7
307 308 336 364 392 420 448
10440 10441 1
13
363 364 383 357 329 301 273 245 217 189 161 151 149
1410 1411 1
13
6 28 56 84 112 140 168 196 224 252 280 308 334
8760 8761 1
7
36 40 68 96 124 152 177
6567 6568 1
5
55 47 21 18 7
2376 2377 1
4
223 215 207 205
2982 2983 1
7
111 103 77 49 21 11 3
9099 9100 1
8
195 196 215 189 161 133 130 138
7740 7741 1
8
307 308 336 364 392 420 439 440
4320 4321 1
11
372 376 402 385 357 329 301 273 245 242 250
2850 2851 1
9
223 224 252 280 308 336 364 392 418
1806 1807 1
9
335 327 301 273 245 217 189 186 194
7299 7300 1
4
2 10 18 7
8280 8281 1
14
83 84 112 140 168 196 224 252 280 308 336 364 392 418
9897 9898 1
12
4 18 28 56 84 112 140 168 196 224 252 278
8013 8014 1
5
167 159 133 130 138
2139 2140 1
6
279 271 245 217 207 205
9402 9403 1
12
36 40 68 96 124 152 180 208 236 264 292 317
3003 3004 1
19
449 439 413 385 357 329 301 273 245 217 189 161 133 105 77 49 21 18 7
7560 7561 1
9
288 290 273 245 217 189 186 196 222
7113 7114 1
17
6 28 56 84 112 140 168 196 224 252 280 308 336 364 392 420 448
8640 8641 1
19
449 439 413 385 357 329 301 273 245 217 189 161 133 105 77 49 21 18 7
576 577 1
3
195 196 222
6300 6301 1
10
204 208 236 264 292 320 348 376 404 432
10143 10144 1
7
251 252 271 263 264 292 317
10443 10444 1
13
372 376 402 385 357 329 301 273 245 217 207 208 233
1725 1726 1
19
449 439 413 385 357 329 301 273 245 217 189 161 133 105 77 49 21 18 7
1587 1588 1
18
449 439 413 385 357 329 301 273 245 217 189 161 133 105 77 49 21 5
4680 4681 1
5
335 327 301 298 306
597 598 1
7
441 413 385 357 329 319 317
4680 4681 1
10
2 12 40 66 74 84 112 140 168 194
3831 3832 1
11
111 112 140 168 196 224 252 280 308 336 362
6564 6565 1
19
6 28 56 84 103 95 96 124 152 180 208 236 264 292 320 348 376 404 432
10620 10621 1
4
6 19 11 3
360 361 1
12
316 320 346 329 301 273 245 217 189 161 151 149
6621 6622 1
6
4 18 28 56 84 110
7473 7474 1
5
55 47 39 40 65
180 181 1
4
335 336 364 390
6744 6745 1
8
195 196 215 189 161 133 130 138
7347 7348 1
10
223 215 189 161 133 105 77 49 21 5
8469 8470 1
7
307 308 336 364 392 420 448
1167 1168 1
4
232 234 242 250
843 844 1
19
449 439 413 385 357 329 301 273 245 217 189 161 133 105 77 49 21 18 7
216 217 1
10
2 12 40 66 74 84 112 140 168 194
9918 9919 1
11
139 140 159 133 105 77 49 21 18 28 54
5247 5248 1
9
111 112 140 168 196 224 252 280 306
0 1 1
10
83 84 112 140 168 196 224 252 280 306
9015 9016 1
3
441 431 432
888 889 1
16
55 56 84 103 95 96 124 152 180 208 236 264 292 320 348 373
3705 3706 1
12
111 112 140 168 196 224 252 280 308 336 364 390
4680 4681 1
5
335 327 301 298 306
3780 3781 1
17
55 56 84 112 140 168 196 224 252 280 308 336 364 392 420 439 440
6840 6841 1
15
260 264 290 273 245 217 189 161 133 105 77 49 39 40 65
4500 4501 1
16
307 308 327 301 273 245 217 189 161 133 105 77 49 21 18 7
900 901 1
10
251 252 271 245 217 189 161 133 130 138
6120 6121 1
7
120 122 105 77 49 39 37
3123 3124 1
5
449 439 413 410 418
519 520 1
9
4 11 12 40 68 96 124 152 177
2262 2263 1
10
441 413 385 357 329 301 273 245 242 250
7560 7561 1
12
419 420 439 413 385 357 329 301 273 245 242 250
5760 5761 1
12
363 364 383 357 329 301 273 245 217 189 186 194
1620 1621 1
8
111 112 140 168 196 224 252 278
6129 6130 1
7
6 28 56 84 112 140 166
4833 4834 1
5
55 47 21 11 3
9180 9181 1
14
139 140 168 196 224 252 280 308 336 364 392 420 439 440
9900 9901 1
18
363 364 383 357 329 301 273 245 217 189 161 133 105 77 49 21 18 7
6225 6226 1
17
83 84 112 140 168 196 224 252 280 308 336 364 383 375 376 404 432
5580 5581 1
4
2 10 18 7
9720 9721 1
8
279 271 245 217 189 186 196 222
6300 6301 1
5
55 47 21 18 7
9150 9151 1
19
449 439 413 385 357 329 301 273 245 217 189 161 133 105 77 49 21 18 7
2769 2770 1
9
251 252 271 245 217 189 161 151 149
6465 6466 1
16
307 308 327 301 273 245 217 189 161 133 105 77 49 21 18 7
7380 7381 1
4
288 292 320 345
8730 8731 1
16
36 40 68 96 124 152 180 208 236 264 292 320 348 376 404 432
4212 4213 1
9
195 196 215 189 161 133 105 95 93
9477 9478 1
12
195 196 215 189 161 133 105 77 49 21 18 7
6903 6904 1
9
4 18 28 56 84 112 140 168 194
444 445 1
19
400 402 385 357 329 301 273 245 217 189 161 133 105 77 49 21 18 28 54
4830 4831 1
16
307 308 327 301 273 245 217 189 161 133 105 77 49 39 40 65
5580 5581 1
4
6 28 56 82
3060 3061 1
8
279 271 245 217 189 186 196 222
9630 9631 1
6
2 12 40 68 96 121
4200 4201 1
7
111 112 140 159 151 152 177
4056 4057 1
10
363 364 383 357 329 301 273 245 242 250
4101 4102 1
9
232 236 264 292 320 348 376 404 432
2175 2176 1
3
449 439 440
5580 5581 1
6
344 348 376 402 410 418
4764 4765 1
7
4 18 28 56 84 112 138
1620 1621 1
9
391 383 357 329 301 273 263 264 289
1032 1033 1
14
92 96 122 130 140 168 196 224 252 280 308 336 364 390
3045 3046 1
13
6 28 56 84 112 140 168 196 224 252 280 308 334
5400 5401 1
8
92 96 122 105 77 74 84 110
9180 9181 1
19
400 402 385 357 329 301 273 245 217 189 161 133 105 77 49 21 18 28 54
10620 10621 1
15
363 364 383 357 329 301 273 245 217 189 161 133 130 140 166
897 898 1
14
139 140 168 196 224 252 280 308 336 364 383 375 376 401
8943 8944 1
4
400 404 430 440
6840 6841 1
15
260 264 290 273 245 217 189 161 133 105 77 49 39 40 65
2928 2929 1
14
363 364 383 357 329 301 273 245 217 189 161 151 152 177
3891 3892 1
5
419 420 439 431 432
1242 1243 1
4
223 224 252 278
7893 7894 1
3
433 430 440
2340 2341 1
17
433 430 413 385 357 329 301 273 245 217 189 161 133 105 77 74 82
4083 4084 1
4
260 264 292 317
2640 2641 1
7
83 84 103 77 49 21 5
9720 9721 1
7
92 96 122 105 77 74 82
4680 4681 1
6
111 112 140 159 151 149
10269 10270 1
6
223 215 189 161 151 149
7437 7438 1
10
307 308 327 301 273 245 217 207 208 233
261 262 1
11
204 208 236 264 292 320 348 376 402 410 418
1080 1081 1
7
120 122 105 77 49 21 5
1800 1801 1
8
167 159 133 105 77 74 84 110
180 181 1
4
335 336 364 390
7011 7012 1
7
279 271 263 264 292 320 345
2862 2863 1
15
55 56 84 103 95 96 124 152 180 208 236 264 292 320 345
0 1 1
3
4 11 3
2310 2311 1
4
83 84 112 138
705 706 1
12
167 168 196 224 252 280 308 336 364 392 420 448
9900 9901 1
8
4 11 12 40 68 96 124 149
10617 10618 1
3
441 438 448
1800 1801 1
4
2 10 18 7
831 832 1
19
449 439 413 385 357 329 301 273 245 217 189 161 133 105 77 49 21 18 7
5175 5176 1
15
251 252 271 245 217 189 161 133 105 77 49 21 18 28 54
9597 9598 1
7
83 84 112 140 159 151 149
9540 9541 1
9
251 252 280 308 336 364 392 420 448
4140 4141 1
14
55 56 84 112 140 168 196 224 252 280 308 336 364 390
1620 1621 1
10
223 215 189 161 133 105 77 74 84 110
8679 8680 1
9
433 430 413 385 357 329 319 320 345
3780 3781 1
3
441 431 432
1980 1981 1
11
449 439 413 385 357 329 301 273 245 242 250
1497 1498 1
19
441 413 385 357 329 301 273 245 217 189 161 133 105 77 49 21 18 28 54
5685 5686 1
14
111 112 140 168 196 224 252 280 308 336 364 392 420 448
1305 1306 1
9
6 28 56 84 112 140 168 196 222
2340 2341 1
12
335 327 301 273 245 217 189 161 133 130 140 166
3780 3781 1
5
335 327 301 298 306
3717 3718 1
9
372 376 402 385 357 329 319 320 345
7248 7249 1
6
64 68 96 124 152 177
4086 4087 1
9
120 124 152 180 208 236 264 292 317
9540 9541 1
12
36 40 68 96 124 152 180 208 236 264 292 317
8100 8101 1
9
204 208 234 217 189 161 133 130 138
906 907 1
19
449 439 413 385 357 329 301 273 245 217 189 161 133 105 77 49 21 18 7
3420 3421 1
14
419 420 439 413 385 357 329 301 273 245 217 207 208 233
507 508 1
19
449 439 413 385 357 329 301 273 245 217 189 161 133 105 77 49 21 18 7
7560 7561 1
7
6 28 56 84 112 140 166
8280 8281 1
14
83 84 112 140 168 196 224 252 280 308 336 364 392 418
5277 5278 1
11
335 327 301 273 245 217 189 161 151 152 177
3960 3961 1
14
344 346 329 301 273 245 217 189 161 133 105 95 96 121
4377 4378 1
10
449 439 413 385 357 329 301 298 308 334
7092 7093 1
8
279 280 308 336 364 392 420 448
5040 5041 1
19
449 439 413 385 357 329 301 273 245 217 189 161 133 105 77 49 21 18 7
8460 8461 1
8
232 234 217 189 161 151 152 177
9564 9565 1
17
441 413 385 357 329 301 273 245 217 189 161 133 105 77 49 39 37
1812 1813 1
7
288 290 273 245 217 207 205
4752 4753 1
8
64 68 96 124 152 180 208 233
5580 5581 1
9
335 327 301 273 245 217 207 208 233
2160 2161 1
18
372 376 402 385 357 329 301 273 245 217 189 161 133 105 77 49 21 5
9360 9361 1
12
232 234 217 189 161 133 105 77 49 39 40 65
7554 7555 1
11
441 413 385 357 329 301 273 245 242 252 278
9000 9001 1
6
120 122 130 140 168 194
1929 1930 1
7
120 122 105 77 74 84 110
6480 6481 1
11
83 84 112 140 168 196 224 252 280 308 334
1080 1081 1
7
307 308 336 364 392 420 448
9540 9541 1
12
232 234 217 189 161 133 105 77 49 21 18 7
6306 6307 1
10
148 152 178 161 133 105 77 49 21 5
8733 8734 1
11
167 168 196 224 252 280 308 336 364 392 418
1980 1981 1
3
441 438 448
7668 7669 1
5
195 196 224 252 278
7404 7405 1
6
344 348 376 402 410 418
8781 8782 1
6
139 140 168 196 224 250
8187 8188 1
14
92 96 124 152 180 208 236 264 292 320 348 376 404 432
4218 4219 1
19
449 439 413 385 357 329 301 273 245 217 189 161 133 105 77 49 21 18 7
7920 7921 1
6
372 376 404 430 438 448
3783 3784 1
15
441 413 385 357 329 301 273 245 217 189 161 133 130 140 166
1956 1957 1
6
111 112 140 168 196 222
2160 2161 1
19
4 18 28 56 84 112 140 168 196 224 252 280 308 336 364 392 420 439 440
150 151 1
17
307 308 327 301 273 245 217 189 161 133 105 77 49 21 18 28 54
4395 4396 1
7
232 234 217 189 161 151 149
3060 3061 1
14
433 430 413 385 357 329 301 273 245 217 189 186 196 222
8706 8707 1
6
2 12 40 66 74 82
6309 6310 1
4
400 402 410 418
2229 2230 1
11
83 84 112 140 168 196 224 252 280 308 334
6876 6877 1
7
449 439 413 385 357 354 362
1440 1441 1
13
391 383 357 329 301 273 245 217 189 161 133 130 138
5310 5311 1
7
204 208 234 242 252 280 306
0 1 1
14
419 420 439 413 385 357 329 301 273 245 217 189 186 194
8820 8821 1
3
55 56 82
4140 4141 1
9
344 346 329 301 273 245 217 207 205
3600 3601 1
8
139 140 159 133 105 95 96 121
8160 8161 1
13
204 208 234 217 189 161 133 105 77 49 39 40 65
7200 7201 1
11
279 271 245 217 189 161 133 105 77 74 82
7200 7201 1
7
449 439 413 385 357 354 362
3420 3421 1
7
139 140 168 196 224 252 278
4320 4321 1
13
139 140 168 196 224 252 280 308 336 364 392 420 448
6120 6121 1
11
148 152 178 161 133 105 77 49 39 40 65
5040 5041 1
9
363 364 383 357 329 301 273 263 261
381 382 1
3
433 430 440
9015 9016 1
3
441 431 432
8916 8917 1
5
6 28 56 84 110
9030 9031 1
8
4 11 12 40 68 96 124 149
10263 10264 1
11
36 40 68 96 124 152 180 208 236 264 289
7740 7741 1
20
449 439 413 385 357 329 301 273 245 217 189 161 133 105 77 49 21 18 28 54
8640 8641 1
19
449 439 413 385 357 329 301 273 245 217 189 161 133 105 77 49 21 18 7
9966 9967 1
11
449 439 413 385 357 329 301 273 245 242 250
4158 4159 1
11
232 234 217 189 161 133 105 77 74 84 110
6108 6109 1
14
204 208 234 217 189 161 133 105 77 49 21 18 28 54
8100 8101 1
12
55 56 84 112 140 168 196 224 252 280 308 334
4749 4750 1
18
55 56 84 112 140 168 196 224 252 280 308 336 364 383 375 376 404 432
5385 5386 1
20
449 439 413 385 357 329 301 273 245 217 189 161 133 105 77 49 21 18 28 54
3420 3421 1
11
223 224 252 280 308 336 364 392 420 439 440
8148 8149 1
19
449 439 413 385 357 329 301 273 245 217 189 161 133 105 77 49 21 18 7
7395 7396 1
8
148 152 180 208 236 264 292 317
0 1 1
4
307 308 336 362
5580 5581 1
12
223 224 252 280 308 336 364 383 375 376 404 432
6426 6427 1
13
251 252 271 245 217 189 161 133 105 77 49 21 5
8427 8428 1
8
449 439 413 385 357 354 364 390
1005 1006 1
17
363 364 383 357 329 301 273 245 217 189 161 133 105 77 74 84 110
4680 4681 1
19
419 420 439 413 385 357 329 301 273 245 217 189 161 133 105 77 49 21 5
2520 2521 1
14
83 84 112 140 168 196 224 252 280 308 336 364 392 418
345 346 1
3
139 140 166
3240 3241 1
8
307 308 327 301 273 245 242 250
9900 9901 1
8
391 383 357 329 301 273 263 261
1980 1981 1
15
344 346 329 301 273 245 217 189 161 133 105 77 49 21 5
3666 3667 1
3
4 18 7
4320 4321 1
10
363 364 383 357 329 301 273 245 242 250
4920 4921 1
17
6 28 56 84 112 140 168 196 224 252 280 308 336 364 392 420 448
360 361 1
6
288 290 273 245 242 250
7587 7588 1
7
167 168 196 224 252 280 306
6255 6256 1
15
55 56 84 112 140 168 196 224 252 280 308 336 364 392 418
720 721 1
19
449 439 413 385 357 329 301 273 245 217 189 161 133 105 77 49 21 18 7
150 151 1
19
2 12 40 68 96 124 152 180 208 236 264 292 320 348 376 402 410 420 448
5115 5116 1
10
92 96 122 105 77 49 21 18 28 54
5760 5761 1
19
372 376 402 385 357 329 301 273 245 217 189 161 133 105 77 49 39 40 65
5781 5782 1
8
4 18 28 56 84 112 140 166
573 574 1
3
6 19 5
10188 10189 1
12
4 18 28 56 84 112 140 168 196 224 252 278
7668 7669 1
12
167 168 196 224 252 280 308 336 364 392 420 448
1080 1081 1
8
83 84 103 77 49 21 18 7
10080 10081 1
10
83 84 112 140 168 196 215 207 208 233
9720 9721 1
4
111 112 140 166
1104 1105 1
6
441 413 385 357 354 362
504 505 1
13
391 383 357 329 301 273 245 217 189 161 133 130 138
3780 3781 1
5
372 376 404 430 440
3600 3601 1
9
449 439 413 385 357 329 301 298 306
6120 6121 1
3
433 430 440
5421 5422 1
17
6 28 56 84 112 140 168 196 224 252 280 308 336 364 392 420 448
4170 4171 1
6
111 112 140 168 196 222
7920 7921 1
4
6 19 11 3
2685 2686 1
19
449 439 413 385 357 329 301 273 245 217 189 161 133 105 77 49 21 18 7
3921 3922 1
11
4 11 12 40 68 96 124 152 180 208 233
861 862 1
13
4 11 12 40 68 96 124 152 180 208 236 264 289
8604 8605 1
8
279 280 308 336 364 392 420 448
2838 2839 1
3
55 56 82
7884 7885 1
4
391 392 420 448
9180 9181 1
4
2 10 18 7
9840 9841 1
17
4 18 28 56 84 112 140 168 196 224 252 280 308 336 364 392 418
5757 5758 1
4
6 19 11 3
4296 4297 1
6
148 152 178 186 196 222
9900 9901 1
18
363 364 383 357 329 301 273 245 217 189 161 133 105 77 49 21 18 7
0 1 1
4
223 224 252 278
2214 2215 1
8
36 40 68 96 124 152 180 205
4500 4501 1
16
6 28 56 84 112 140 168 196 224 252 280 308 336 364 392 418
7560 7561 1
15
92 96 124 152 180 208 236 264 292 320 348 376 404 430 440
6876 6877 1
7
449 439 413 385 357 354 362
261 262 1
8
195 196 224 252 280 308 336 362
516 517 1
10
92 96 122 130 140 168 196 224 252 278
2301 2302 1
5
148 152 180 208 233
6927 6928 1
12
4 18 28 56 84 112 140 168 196 224 252 278
9180 9181 1
4
111 103 95 93
8595 8596 1
11
223 224 252 280 308 336 364 392 420 439 440
933 934 1
12
83 84 112 140 168 196 224 252 280 308 336 362
5781 5782 1
15
111 112 140 168 196 224 252 280 308 336 364 392 420 439 440
7464 7465 1
3
6 28 54
2667 2668 1
11
195 196 224 252 280 308 336 364 392 420 448
2700 2701 1
8
83 84 103 77 49 21 18 7
1980 1981 1
8
176 180 208 236 264 292 320 345
3009 3010 1
11
449 439 413 385 357 329 301 273 245 242 250
8820 8821 1
6
111 103 77 49 21 5
3717 3718 1
9
372 376 402 385 357 329 319 320 345
6840 6841 1
13
55 56 84 103 95 96 124 152 180 208 236 264 289
180 181 1
7
167 159 133 105 77 74 82
4860 4861 1
4
83 84 112 138
6066 6067 1
16
400 402 385 357 329 301 273 245 217 189 161 133 105 95 96 121
9549 9550 1
8
4 11 12 40 68 96 124 149
3933 3934 1
19
449 439 413 385 357 329 301 273 245 217 189 161 133 105 77 49 21 18 7
7806 7807 1
10
449 439 413 385 357 329 301 298 308 334
10440 10441 1
16
6 28 56 84 103 95 96 124 152 180 208 236 264 292 320 345
7962 7963 1
4
279 271 263 261
2676 2677 1
9
433 430 413 385 357 329 301 298 306
1440 1441 1
9
167 159 133 105 77 49 39 40 65
6300 6301 1
13
167 168 196 224 252 280 308 336 364 392 420 439 440
6120 6121 1
3
433 430 440
10128 10129 1
6
92 96 122 130 140 166
8820 8821 1
10
148 152 178 161 133 105 77 49 21 5
2826 2827 1
11
251 252 271 245 217 189 161 133 105 95 93
6048 6049 1
10
55 56 84 112 140 168 196 224 252 278
3780 3781 1
16
316 320 346 329 301 273 245 217 189 161 133 105 77 49 21 5
1383 1384 1
18
4 11 12 40 68 96 124 152 180 208 236 264 292 320 348 376 404 432
3420 3421 1
9
6 28 56 84 112 140 168 196 222
2880 2881 1
12
195 196 215 189 161 133 105 77 49 21 18 7
5220 5221 1
3
6 28 54
5496 5497 1
3
433 430 440
300 301 1
14
4 18 28 56 84 112 140 168 196 224 252 280 308 334
8760 8761 1
11
449 439 413 385 357 329 301 273 245 242 250
3756 3757 1
18
441 413 385 357 329 301 273 245 217 189 161 133 105 77 49 21 18 7
10653 10654 1
17
391 383 357 329 301 273 245 217 189 161 133 105 77 49 39 40 65
4140 4141 1
14
55 56 84 112 140 168 196 224 252 280 308 336 364 390
5436 5437 1
13
120 122 130 140 168 196 224 252 280 308 336 364 390
5040 5041 1
5
251 252 280 308 334
6402 6403 1
18
6 28 56 84 112 140 168 196 224 252 280 308 336 364 392 420 439 440
3051 3052 1
8
167 159 133 105 77 49 21 5
4566 4567 1
6
2 12 40 66 74 82
5436 5437 1
17
316 320 346 329 301 273 245 217 189 161 133 105 77 49 39 40 65
3780 3781 1
12
139 140 168 196 224 252 280 308 336 364 392 418
7020 7021 1
7
111 112 140 168 196 224 250
1110 1111 1
17
6 28 56 84 112 140 168 196 224 252 280 308 336 364 392 420 448
1620 1621 1
16
400 402 385 357 329 301 273 245 217 189 161 133 105 95 96 121
2733 2734 1
9
344 346 329 301 273 245 217 207 205
7311 7312 1
13
148 152 180 208 236 264 292 320 348 376 402 410 418
4170 4171 1
6
111 112 140 168 196 222
0 10800 56
16
64 66 76 104 132 160 188 216 244 272 300 328 356 384 412 440
0 10800 64
15
92 94 104 132 160 188 216 244 272 300 328 356 384 412 440
0 10800 72
14
120 122 132 160 188 216 244 272 300 328 356 384 412 440
0 10800 80
13
148 150 160 188 216 244 272 300 328 356 384 412 440
0 10800 88
12
176 178 188 216 244 272 300 328 356 384 412 440
0 10800 96
11
204 206 216 244 272 300 328 356 384 412 440
0 10800 104
10
232 234 244 272 300 328 356 384 412 440
0 10800 112
9
260 262 272 300 328 356 384 412 440
0 10800 120
8
288 290 300 328 356 384 412 440
0 10800 128
7
316 318 328 356 384 412 440
0 10800 136
6
344 346 356 384 412 440
0 10800 144
5
372 374 384 412 440
0 10800 152
4
400 402 412 440
0 10800 160
3
428 430 440
