142
7 1800 17
4
8 10 18 28
7 1800 17
4
2 12 38 46
7 1800 17
9
12 40 68 96 124 152 180 208 233
9 1800 17
12
40 68 96 124 152 180 208 236 264 292 320 348
7 1800 17
8
4 20 48 76 104 132 158 166
0 1800 17
15
20 48 76 104 132 160 188 216 244 272 300 328 356 384 403
10 1800 17
4
48 76 102 110
9 1800 17
8
6 28 56 84 112 140 159 151
2 1800 17
10
28 56 84 112 140 168 196 224 252 271
8 1800 17
7
27 28 56 84 112 140 159
7 1800 17
14
55 56 84 112 140 168 196 224 252 280 308 327 319 317
6 1800 17
6
64 68 96 124 152 177
7 1800 17
10
92 96 124 152 180 208 236 264 292 318
0 1800 17
10
120 124 152 180 208 236 264 292 320 345
9 1800 17
4
96 124 152 180
0 1800 17
4
97 69 66 74
10 1800 17
3
49 39 37
4 1800 17
3
77 49 21
4 1800 17
7
132 160 188 207 208 236 264
1 1800 17
3
57 29 19
1 1800 17
3
112 140 168
0 1800 17
3
140 168 196
4 1800 17
6
83 84 112 140 168 196
5 1800 17
4
111 112 140 166
10 1800 17
6
139 140 168 196 224 250
9 1800 17
8
148 125 97 69 41 13 10 18
8 1800 17
5
176 180 208 236 261
4 1800 17
10
204 208 236 264 292 320 348 376 404 432
5 1800 17
5
152 178 188 214 224
0 1800 17
5
153 125 97 69 66
3 1800 17
5
160 188 216 242 250
5 1800 17
6
188 216 242 252 280 306
2 1800 17
3
189 161 133
0 1800 17
10
168 196 224 252 280 308 336 364 392 418
5 1800 17
12
196 224 252 280 308 336 364 392 420 439 431 429
2 1800 17
5
224 243 244 272 291
6 1800 17
6
195 169 141 113 85 82
5 1800 17
4
223 215 189 161
4 1800 17
6
232 236 264 292 320 345
3 1800 17
4
260 264 292 317
2 1800 17
13
288 265 237 209 181 153 125 97 69 41 13 10 5
0 1800 17
10
236 264 292 320 348 374 384 412 438 446
2 1800 17
3
290 298 306
6 1800 17
6
272 300 328 354 364 390
7 1800 17
11
273 245 217 189 161 133 105 77 49 21 11
4 1800 17
5
225 197 169 141 131
0 1800 17
3
253 225 222
5 1800 17
11
281 253 225 197 169 141 113 85 75 67 65
8 1800 17
7
279 280 308 336 364 392 420
1 1800 17
7
307 308 336 355 356 384 403
0 1800 17
3
316 293 289
10 1800 17
9
344 321 293 265 237 209 181 153 125
1 1800 17
3
372 376 401
8 1800 17
4
293 265 237 209
8 1800 17
5
321 293 290 298 306
6 1800 17
3
301 273 270
3 1800 17
13
357 329 301 273 245 217 189 161 133 105 77 49 39
3 1800 17
7
309 281 253 225 197 169 141
8 1800 17
6
365 337 309 281 253 225
10 1800 17
6
335 336 364 392 420 446
2 1800 17
4
363 364 392 411
10 1800 17
7
391 365 337 309 281 253 225
10 1800 17
15
400 377 349 321 293 265 237 209 181 153 125 97 94 102 85
6 1800 17
11
428 405 377 349 321 293 265 237 209 181 178
4 1800 17
4
377 374 382 390
4 1800 17
4
433 405 377 373
6 1800 17
14
413 385 357 329 301 273 245 217 189 161 133 105 77 74
8 1800 17
17
441 413 385 357 329 301 273 245 217 189 161 133 105 77 49 21 18
3 1800 17
5
449 421 393 365 337
4 1800 17
6
447 421 393 365 337 334
1807 3600 26
17
36 40 68 94 104 132 160 188 216 244 272 300 328 356 384 412 438
1810 3600 26
12
2 12 40 68 96 124 152 180 208 236 264 292
1809 3600 26
6
12 40 68 94 102 110
1810 3600 26
13
40 68 94 104 132 160 188 216 244 272 300 328 356
1803 3600 26
3
4 11 3
1806 3600 26
4
20 48 76 102
1808 3600 26
15
48 76 104 132 160 188 216 244 272 300 328 356 384 412 438
1808 3600 26
19
6 19 20 48 76 104 132 160 188 216 244 272 300 328 356 384 412 438 446
1800 3600 26
17
19 20 48 76 104 132 160 188 216 244 272 300 328 356 375 376 404
1802 3600 26
16
47 48 76 104 132 160 188 216 244 272 300 328 356 375 376 404
1805 3600 26
19
27 19 20 48 76 104 132 160 188 216 244 272 300 328 356 384 412 438 448
1802 3600 26
6
55 56 84 112 140 166
1805 3600 26
4
64 41 13 9
1805 3600 26
3
92 69 65
1802 3600 26
13
120 122 132 160 188 216 244 272 300 328 356 384 410
1800 3600 26
6
68 94 104 132 160 186
1804 3600 26
11
124 152 180 208 236 264 292 320 348 376 401
1807 3600 26
7
104 132 160 188 216 235 233
1809 3600 26
6
105 95 69 41 13 3
1806 3600 26
5
84 112 140 168 196
1807 3600 26
4
103 104 132 160
1804 3600 26
5
140 168 196 224 252
1810 3600 26
8
83 75 76 104 132 160 179 180
1807 3600 26
6
111 103 104 132 160 179
1807 3600 26
3
139 140 168
1801 3600 26
11
176 180 208 236 264 292 320 348 376 404 429
1805 3600 26
6
204 181 153 125 97 93
1806 3600 26
10
152 180 208 236 264 292 320 348 376 404
1807 3600 26
4
180 208 236 264
1800 3600 26
7
208 236 264 292 320 348 376
1805 3600 26
4
133 105 77 49
1804 3600 26
9
188 216 244 272 300 328 356 384 410
1802 3600 26
4
216 244 270 278
1805 3600 26
5
141 113 85 57 54
1803 3600 26
3
169 141 113
1808 3600 26
4
224 252 280 306
1808 3600 26
5
167 168 196 224 250
1800 3600 26
4
195 196 224 250
1805 3600 26
7
223 197 169 141 113 85 82
1801 3600 26
9
232 209 181 153 125 97 69 41 37
1801 3600 26
4
260 237 209 205
1804 3600 26
7
288 292 320 348 376 404 432
1803 3600 26
8
234 217 214 197 169 141 113 110
1808 3600 26
5
237 209 181 153 150
1808 3600 26
6
273 245 217 189 161 133
1806 3600 26
6
243 244 272 300 328 356
1806 3600 26
8
271 272 300 328 356 384 412 440
1810 3600 26
6
251 243 244 272 291 289
1810 3600 26
11
279 253 225 197 169 141 113 85 57 29 26
1810 3600 26
6
307 281 253 225 197 194
1810 3600 26
14
344 321 293 265 237 209 181 153 125 97 69 41 38 21
1800 3600 26
8
372 349 321 293 265 237 209 205
1805 3600 26
5
320 348 376 404 432
1801 3600 26
11
321 293 265 237 209 181 153 125 97 69 65
1804 3600 26
5
349 321 293 265 261
1810 3600 26
4
328 356 384 412
1807 3600 26
5
329 301 273 245 235
1806 3600 26
4
384 412 438 448
1809 3600 26
5
309 281 253 225 197
1800 3600 26
4
364 392 420 446
1810 3600 26
4
335 336 364 392
1801 3600 26
6
363 337 309 281 253 225
1806 3600 26
3
391 383 384
1809 3600 26
11
400 377 349 321 293 265 237 209 181 153 125
1809 3600 26
15
428 430 413 385 357 329 326 309 281 253 225 197 169 141 113
1800 3600 26
4
377 349 321 317
1810 3600 26
12
405 402 385 357 329 301 273 245 217 189 161 133
1805 3600 26
4
433 405 377 373
1805 3600 26
4
410 393 365 362
1800 3600 26
6
413 385 357 329 326 334
1802 3600 26
5
441 413 385 357 354
1808 3600 26
4
449 421 393 365
