86
29.997302201598 120.0 1 1
29.997302201598 120.00311514926723 2 1
29.997302201598 120.00623029853446 3 1
30.0 119.99688485073277 4 1
30.0 120.0 5 1
30.0 120.00311514926723 6 1
30.0 120.00623029853446 7 1
30.0 120.00934544780169 8 1
30.002697798402 119.99688485073277 9 1
30.002697798402 120.0 10 1
30.002697798402 120.00311514926723 11 1
30.002697798402 120.00623029853446 12 1
30.002697798402 120.00934544780169 13 1
30.005395596804004 119.99688485073277 14 1
30.005395596804004 120.0 15 1
30.005395596804004 120.00311514926723 16 1
30.005395596804004 120.00623029853446 17 1
30.005395596804004 120.00934544780169 18 1
30.008093395206004 119.99688485073277 19 1
30.008093395206004 120.0 20 1
30.008093395206004 120.00311514926723 21 1
30.008093395206004 120.00623029853446 22 1
30.008093395206004 120.00934544780169 23 1
30.010791193608007 119.99688485073277 24 1
30.010791193608007 120.0 25 1
30.010791193608007 120.00311514926723 26 1
30.010791193608007 120.00623029853446 27 1
30.010791193608007 120.00934544780169 28 1
30.013488992010007 119.99688485073277 29 1
30.013488992010007 120.0 30 1
30.013488992010007 120.00311514926723 31 1
30.013488992010007 120.00623029853446 32 1
30.013488992010007 120.00934544780169 33 1
30.01618679041201 119.99688485073277 34 1
30.01618679041201 120.0 35 1
30.01618679041201 120.00311514926723 36 1
30.01618679041201 120.00623029853446 37 1
30.01618679041201 120.00934544780169 38 1
30.01888458881401 119.99688485073277 39 1
30.01888458881401 120.0 40 1
30.01888458881401 120.00311514926723 41 1
30.01888458881401 120.00623029853446 42 1
30.01888458881401 120.00934544780169 43 1
30.021582387216014 119.99688485073277 44 1
30.021582387216014 120.0 45 1
30.021582387216014 120.00311514926723 46 1
30.021582387216014 120.00623029853446 47 1
30.021582387216014 120.00934544780169 48 1
30.024280185618014 119.99688485073277 49 1
30.024280185618014 120.0 50 1
30.024280185618014 120.00311514926723 51 1
30.024280185618014 120.00623029853446 52 1
30.024280185618014 120.00934544780169 53 1
30.026977984020018 119.99688485073277 54 1
30.026977984020018 120.0 55 1
30.026977984020018 120.00311514926723 56 1
30.026977984020018 120.00623029853446 57 1
30.026977984020018 120.00934544780169 58 1
30.029675782422018 119.99688485073277 59 1
30.029675782422018 120.0 60 1
30.029675782422018 120.00311514926723 61 1
30.029675782422018 120.00623029853446 62 1
30.029675782422018 120.00934544780169 63 1
30.03237358082402 119.99688485073277 64 1
30.03237358082402 120.0 65 1
30.03237358082402 120.00311514926723 66 1
30.03237358082402 120.00623029853446 67 1
30.03237358082402 120.00934544780169 68 1
30.03507137922602 119.99688485073277 69 1
30.03507137922602 120.0 70 1
30.03507137922602 120.00311514926723 71 1
30.03507137922602 120.00623029853446 72 1
30.03507137922602 120.00934544780169 73 1
30.037769177628025 119.99688485073277 74 1
30.037769177628025 120.0 75 1
30.037769177628025 120.00311514926723 76 1
30.037769177628025 120.00623029853446 77 1
30.037769177628025 120.00934544780169 78 1
30.040466976030025 119.99688485073277 79 1
30.040466976030025 120.0 80 1
30.040466976030025 120.00311514926723 81 1
30.040466976030025 120.00623029853446 82 1
30.040466976030025 120.00934544780169 83 1
30.043164774432025 120.0 84 1
30.043164774432025 120.00311514926723 85 1
30.043164774432025 120.00623029853446 86 1
115
1 5 259.81468366686727 16.67 3 3 2 3
1 0 0 0 1 0 0 0 1
1 0 0 0 1 0 0 0 1
2 6 259.81468366686727 16.67 3 3 4 5
1 0 0 0 1 0 0 0 1
1 0 0 0 1 0 0 0 1
3 7 259.81468366686727 16.67 3 3 6 7
1 0 0 0 1 0 0 0 1
1 0 0 0 1 0 0 0 1
4 5 346.410161513859 16.67 3 3 8 9
1 0 0 0 1 0 0 0 1
1 0 0 0 1 0 0 0 1
5 6 346.410161513859 16.67 3 3 10 11
1 0 0 0 1 0 0 0 1
1 0 0 0 1 0 0 0 1
5 10 259.8076211351714 16.67 3 3 12 13
1 0 0 0 1 0 0 0 1
1 0 0 0 1 0 0 0 1
6 7 346.410161513859 16.67 3 3 18 19
1 0 0 0 1 0 0 0 1
1 0 0 0 1 0 0 0 1
6 11 259.8076211351714 16.67 3 3 20 21
1 0 0 0 1 0 0 0 1
1 0 0 0 1 0 0 0 1
7 8 346.410161513859 16.67 3 3 26 27
1 0 0 0 1 0 0 0 1
1 0 0 0 1 0 0 0 1
7 12 259.8076211351714 16.67 3 3 28 29
1 0 0 0 1 0 0 0 1
1 0 0 0 1 0 0 0 1
9 10 346.410161513859 16.67 3 3 36 37
1 0 0 0 1 0 0 0 1
1 0 0 0 1 0 0 0 1
10 11 346.410161513859 16.67 3 3 38 39
1 0 0 0 1 0 0 0 1
1 0 0 0 1 0 0 0 1
10 15 259.80055802781357 16.67 3 3 40 41
1 0 0 0 1 0 0 0 1
1 0 0 0 1 0 0 0 1
11 12 346.410161513859 16.67 3 3 46 47
1 0 0 0 1 0 0 0 1
1 0 0 0 1 0 0 0 1
11 16 259.80055802781357 16.67 3 3 48 49
1 0 0 0 1 0 0 0 1
1 0 0 0 1 0 0 0 1
12 13 346.410161513859 16.67 3 3 54 55
1 0 0 0 1 0 0 0 1
1 0 0 0 1 0 0 0 1
12 17 259.80055802781357 16.67 3 3 56 57
1 0 0 0 1 0 0 0 1
1 0 0 0 1 0 0 0 1
14 15 346.410161513859 16.67 3 3 64 65
1 0 0 0 1 0 0 0 1
1 0 0 0 1 0 0 0 1
15 16 346.410161513859 16.67 3 3 66 67
1 0 0 0 1 0 0 0 1
1 0 0 0 1 0 0 0 1
15 20 259.79349434378304 16.67 3 3 68 69
1 0 0 0 1 0 0 0 1
1 0 0 0 1 0 0 0 1
16 17 346.410161513859 16.67 3 3 74 75
1 0 0 0 1 0 0 0 1
1 0 0 0 1 0 0 0 1
16 21 259.79349434378304 16.67 3 3 76 77
1 0 0 0 1 0 0 0 1
1 0 0 0 1 0 0 0 1
17 18 346.410161513859 16.67 3 3 82 83
1 0 0 0 1 0 0 0 1
1 0 0 0 1 0 0 0 1
17 22 259.79349434378304 16.67 3 3 84 85
1 0 0 0 1 0 0 0 1
1 0 0 0 1 0 0 0 1
19 20 346.410161513859 16.67 3 3 92 93
1 0 0 0 1 0 0 0 1
1 0 0 0 1 0 0 0 1
20 21 346.410161513859 16.67 3 3 94 95
1 0 0 0 1 0 0 0 1
1 0 0 0 1 0 0 0 1
20 25 259.78643008446386 16.67 3 3 96 97
1 0 0 0 1 0 0 0 1
1 0 0 0 1 0 0 0 1
21 22 346.410161513859 16.67 3 3 102 103
1 0 0 0 1 0 0 0 1
1 0 0 0 1 0 0 0 1
21 26 259.78643008446386 16.67 3 3 104 105
1 0 0 0 1 0 0 0 1
1 0 0 0 1 0 0 0 1
22 23 346.410161513859 16.67 3 3 110 111
1 0 0 0 1 0 0 0 1
1 0 0 0 1 0 0 0 1
22 27 259.78643008446386 16.67 3 3 112 113
1 0 0 0 1 0 0 0 1
1 0 0 0 1 0 0 0 1
24 25 346.410161513859 16.67 3 3 120 121
1 0 0 0 1 0 0 0 1
1 0 0 0 1 0 0 0 1
25 26 346.410161513859 16.67 3 3 122 123
1 0 0 0 1 0 0 0 1
1 0 0 0 1 0 0 0 1
25 30 259.7793652485034 16.67 3 3 124 125
1 0 0 0 1 0 0 0 1
1 0 0 0 1 0 0 0 1
26 27 346.410161513859 16.67 3 3 130 131
1 0 0 0 1 0 0 0 1
1 0 0 0 1 0 0 0 1
26 31 259.7793652485034 16.67 3 3 132 133
1 0 0 0 1 0 0 0 1
1 0 0 0 1 0 0 0 1
27 28 346.410161513859 16.67 3 3 138 139
1 0 0 0 1 0 0 0 1
1 0 0 0 1 0 0 0 1
27 32 259.7793652485034 16.67 3 3 140 141
1 0 0 0 1 0 0 0 1
1 0 0 0 1 0 0 0 1
29 30 346.410161513859 16.67 3 3 148 149
1 0 0 0 1 0 0 0 1
1 0 0 0 1 0 0 0 1
30 31 346.410161513859 16.67 3 3 150 151
1 0 0 0 1 0 0 0 1
1 0 0 0 1 0 0 0 1
30 35 259.7722998372855 16.67 3 3 152 153
1 0 0 0 1 0 0 0 1
1 0 0 0 1 0 0 0 1
31 32 346.410161513859 16.67 3 3 158 159
1 0 0 0 1 0 0 0 1
1 0 0 0 1 0 0 0 1
31 36 259.7722998372855 16.67 3 3 160 161
1 0 0 0 1 0 0 0 1
1 0 0 0 1 0 0 0 1
32 33 346.410161513859 16.67 3 3 166 167
1 0 0 0 1 0 0 0 1
1 0 0 0 1 0 0 0 1
32 37 259.7722998372855 16.67 3 3 168 169
1 0 0 0 1 0 0 0 1
1 0 0 0 1 0 0 0 1
34 35 346.410161513859 16.67 3 3 176 177
1 0 0 0 1 0 0 0 1
1 0 0 0 1 0 0 0 1
35 36 346.410161513859 16.67 3 3 178 179
1 0 0 0 1 0 0 0 1
1 0 0 0 1 0 0 0 1
35 40 259.7652338494577 16.67 3 3 180 181
1 0 0 0 1 0 0 0 1
1 0 0 0 1 0 0 0 1
36 37 346.410161513859 16.67 3 3 186 187
1 0 0 0 1 0 0 0 1
1 0 0 0 1 0 0 0 1
36 41 259.7652338494577 16.67 3 3 188 189
1 0 0 0 1 0 0 0 1
1 0 0 0 1 0 0 0 1
37 38 346.410161513859 16.67 3 3 194 195
1 0 0 0 1 0 0 0 1
1 0 0 0 1 0 0 0 1
37 42 259.7652338494577 16.67 3 3 196 197
1 0 0 0 1 0 0 0 1
1 0 0 0 1 0 0 0 1
39 40 346.410161513859 16.67 3 3 204 205
1 0 0 0 1 0 0 0 1
1 0 0 0 1 0 0 0 1
40 41 346.410161513859 16.67 3 3 206 207
1 0 0 0 1 0 0 0 1
1 0 0 0 1 0 0 0 1
40 45 259.7581672864038 16.67 3 3 208 209
1 0 0 0 1 0 0 0 1
1 0 0 0 1 0 0 0 1
41 42 346.410161513859 16.67 3 3 214 215
1 0 0 0 1 0 0 0 1
1 0 0 0 1 0 0 0 1
41 46 259.7581672864038 16.67 3 3 216 217
1 0 0 0 1 0 0 0 1
1 0 0 0 1 0 0 0 1
42 43 346.410161513859 16.67 3 3 222 223
1 0 0 0 1 0 0 0 1
1 0 0 0 1 0 0 0 1
42 47 259.7581672864038 16.67 3 3 224 225
1 0 0 0 1 0 0 0 1
1 0 0 0 1 0 0 0 1
44 45 346.410161513859 16.67 3 3 232 233
1 0 0 0 1 0 0 0 1
1 0 0 0 1 0 0 0 1
45 46 346.410161513859 16.67 3 3 234 235
1 0 0 0 1 0 0 0 1
1 0 0 0 1 0 0 0 1
45 50 259.7511001467713 16.67 3 3 236 237
1 0 0 0 1 0 0 0 1
1 0 0 0 1 0 0 0 1
46 47 346.410161513859 16.67 3 3 242 243
1 0 0 0 1 0 0 0 1
1 0 0 0 1 0 0 0 1
46 51 259.7511001467713 16.67 3 3 244 245
1 0 0 0 1 0 0 0 1
1 0 0 0 1 0 0 0 1
47 48 346.410161513859 16.67 3 3 250 251
1 0 0 0 1 0 0 0 1
1 0 0 0 1 0 0 0 1
47 52 259.7511001467713 16.67 3 3 252 253
1 0 0 0 1 0 0 0 1
1 0 0 0 1 0 0 0 1
49 50 346.410161513859 16.67 3 3 260 261
1 0 0 0 1 0 0 0 1
1 0 0 0 1 0 0 0 1
50 51 346.410161513859 16.67 3 3 262 263
1 0 0 0 1 0 0 0 1
1 0 0 0 1 0 0 0 1
50 55 259.74403243194416 16.67 3 3 264 265
1 0 0 0 1 0 0 0 1
1 0 0 0 1 0 0 0 1
51 52 346.410161513859 16.67 3 3 270 271
1 0 0 0 1 0 0 0 1
1 0 0 0 1 0 0 0 1
51 56 259.74403243194416 16.67 3 3 272 273
1 0 0 0 1 0 0 0 1
1 0 0 0 1 0 0 0 1
52 53 346.410161513859 16.67 3 3 278 279
1 0 0 0 1 0 0 0 1
1 0 0 0 1 0 0 0 1
52 57 259.74403243194416 16.67 3 3 280 281
1 0 0 0 1 0 0 0 1
1 0 0 0 1 0 0 0 1
54 55 346.410161513859 16.67 3 3 288 289
1 0 0 0 1 0 0 0 1
1 0 0 0 1 0 0 0 1
55 56 346.410161513859 16.67 3 3 290 291
1 0 0 0 1 0 0 0 1
1 0 0 0 1 0 0 0 1
55 60 259.7369641405696 16.67 3 3 292 293
1 0 0 0 1 0 0 0 1
1 0 0 0 1 0 0 0 1
56 57 346.410161513859 16.67 3 3 298 299
1 0 0 0 1 0 0 0 1
1 0 0 0 1 0 0 0 1
56 61 259.7369641405696 16.67 3 3 300 301
1 0 0 0 1 0 0 0 1
1 0 0 0 1 0 0 0 1
57 58 346.410161513859 16.67 3 3 306 307
1 0 0 0 1 0 0 0 1
1 0 0 0 1 0 0 0 1
57 62 259.7369641405696 16.67 3 3 308 309
1 0 0 0 1 0 0 0 1
1 0 0 0 1 0 0 0 1
59 60 346.410161513859 16.67 3 3 316 317
1 0 0 0 1 0 0 0 1
1 0 0 0 1 0 0 0 1
60 61 346.410161513859 16.67 3 3 318 319
1 0 0 0 1 0 0 0 1
1 0 0 0 1 0 0 0 1
60 65 259.7298952740317 16.67 3 3 320 321
1 0 0 0 1 0 0 0 1
1 0 0 0 1 0 0 0 1
61 62 346.410161513859 16.67 3 3 326 327
1 0 0 0 1 0 0 0 1
1 0 0 0 1 0 0 0 1
61 66 259.7298952740317 16.67 3 3 328 329
1 0 0 0 1 0 0 0 1
1 0 0 0 1 0 0 0 1
62 63 346.410161513859 16.67 3 3 334 335
1 0 0 0 1 0 0 0 1
1 0 0 0 1 0 0 0 1
62 67 259.7298952740317 16.67 3 3 336 337
1 0 0 0 1 0 0 0 1
1 0 0 0 1 0 0 0 1
64 65 346.410161513859 16.67 3 3 344 345
1 0 0 0 1 0 0 0 1
1 0 0 0 1 0 0 0 1
65 66 346.410161513859 16.67 3 3 346 347
1 0 0 0 1 0 0 0 1
1 0 0 0 1 0 0 0 1
65 70 259.7228258309779 16.67 3 3 348 349
1 0 0 0 1 0 0 0 1
1 0 0 0 1 0 0 0 1
66 67 346.410161513859 16.67 3 3 354 355
1 0 0 0 1 0 0 0 1
1 0 0 0 1 0 0 0 1
66 71 259.7228258309779 16.67 3 3 356 357
1 0 0 0 1 0 0 0 1
1 0 0 0 1 0 0 0 1
67 68 346.410161513859 16.67 3 3 362 363
1 0 0 0 1 0 0 0 1
1 0 0 0 1 0 0 0 1
67 72 259.7228258309779 16.67 3 3 364 365
1 0 0 0 1 0 0 0 1
1 0 0 0 1 0 0 0 1
69 70 346.410161513859 16.67 3 3 372 373
1 0 0 0 1 0 0 0 1
1 0 0 0 1 0 0 0 1
70 71 346.410161513859 16.67 3 3 374 375
1 0 0 0 1 0 0 0 1
1 0 0 0 1 0 0 0 1
70 75 259.71575581279205 16.67 3 3 376 377
1 0 0 0 1 0 0 0 1
1 0 0 0 1 0 0 0 1
71 72 346.410161513859 16.67 3 3 382 383
1 0 0 0 1 0 0 0 1
1 0 0 0 1 0 0 0 1
71 76 259.71575581279205 16.67 3 3 384 385
1 0 0 0 1 0 0 0 1
1 0 0 0 1 0 0 0 1
72 73 346.410161513859 16.67 3 3 390 391
1 0 0 0 1 0 0 0 1
1 0 0 0 1 0 0 0 1
72 77 259.71575581279205 16.67 3 3 392 393
1 0 0 0 1 0 0 0 1
1 0 0 0 1 0 0 0 1
74 75 346.410161513859 16.67 3 3 400 401
1 0 0 0 1 0 0 0 1
1 0 0 0 1 0 0 0 1
75 76 346.410161513859 16.67 3 3 402 403
1 0 0 0 1 0 0 0 1
1 0 0 0 1 0 0 0 1
75 80 259.7086852181217 16.67 3 3 404 405
1 0 0 0 1 0 0 0 1
1 0 0 0 1 0 0 0 1
76 77 346.410161513859 16.67 3 3 410 411
1 0 0 0 1 0 0 0 1
1 0 0 0 1 0 0 0 1
76 81 259.7086852181217 16.67 3 3 412 413
1 0 0 0 1 0 0 0 1
1 0 0 0 1 0 0 0 1
77 78 346.410161513859 16.67 3 3 418 419
1 0 0 0 1 0 0 0 1
1 0 0 0 1 0 0 0 1
77 82 259.7086852181217 16.67 3 3 420 421
1 0 0 0 1 0 0 0 1
1 0 0 0 1 0 0 0 1
79 80 346.410161513859 16.67 3 3 428 429
1 0 0 0 1 0 0 0 1
1 0 0 0 1 0 0 0 1
80 81 346.410161513859 16.67 3 3 430 431
1 0 0 0 1 0 0 0 1
1 0 0 0 1 0 0 0 1
80 84 259.70161404800854 16.67 3 3 432 433
1 0 0 0 1 0 0 0 1
1 0 0 0 1 0 0 0 1
81 82 346.410161513859 16.67 3 3 438 439
1 0 0 0 1 0 0 0 1
1 0 0 0 1 0 0 0 1
81 85 259.70161404800854 16.67 3 3 440 441
1 0 0 0 1 0 0 0 1
1 0 0 0 1 0 0 0 1
82 83 346.410161513859 16.67 3 3 446 447
1 0 0 0 1 0 0 0 1
1 0 0 0 1 0 0 0 1
82 86 259.70161404800854 16.67 3 3 448 449
1 0 0 0 1 0 0 0 1
1 0 0 0 1 0 0 0 1
86
1 -1 2 -1 -1
2 -1 4 -1 -1
3 -1 6 -1 -1
4 8 -1 -1 -1
5 10 12 9 3
6 18 20 11 5
7 26 28 19 7
8 -1 -1 27 -1
9 36 -1 -1 -1
10 38 40 37 13
11 46 48 39 21
12 54 56 47 29
13 -1 -1 55 -1
14 64 -1 -1 -1
15 66 68 65 41
16 74 76 67 49
17 82 84 75 57
18 -1 -1 83 -1
19 92 -1 -1 -1
20 94 96 93 69
21 102 104 95 77
22 110 112 103 85
23 -1 -1 111 -1
24 120 -1 -1 -1
25 122 124 121 97
26 130 132 123 105
27 138 140 131 113
28 -1 -1 139 -1
29 148 -1 -1 -1
30 150 152 149 125
31 158 160 151 133
32 166 168 159 141
33 -1 -1 167 -1
34 176 -1 -1 -1
35 178 180 177 153
36 186 188 179 161
37 194 196 187 169
38 -1 -1 195 -1
39 204 -1 -1 -1
40 206 208 205 181
41 214 216 207 189
42 222 224 215 197
43 -1 -1 223 -1
44 232 -1 -1 -1
45 234 236 233 209
46 242 244 235 217
47 250 252 243 225
48 -1 -1 251 -1
49 260 -1 -1 -1
50 262 264 261 237
51 270 272 263 245
52 278 280 271 253
53 -1 -1 279 -1
54 288 -1 -1 -1
55 290 292 289 265
56 298 300 291 273
57 306 308 299 281
58 -1 -1 307 -1
59 316 -1 -1 -1
60 318 320 317 293
61 326 328 319 301
62 334 336 327 309
63 -1 -1 335 -1
64 344 -1 -1 -1
65 346 348 345 321
66 354 356 347 329
67 362 364 355 337
68 -1 -1 363 -1
69 372 -1 -1 -1
70 374 376 373 349
71 382 384 375 357
72 390 392 383 365
73 -1 -1 391 -1
74 400 -1 -1 -1
75 402 404 401 377
76 410 412 403 385
77 418 420 411 393
78 -1 -1 419 -1
79 428 -1 -1 -1
80 430 432 429 405
81 438 440 431 413
82 446 448 439 421
83 -1 -1 447 -1
84 -1 -1 -1 433
85 -1 -1 -1 441
86 -1 -1 -1 449
