0	499	438
0	501	440
0	502	442
1	505	713
2	6	5462
2	514	769
2	516	777
3	524	829
3	654	1611
3	655	1617
4	7	5465
5	513	763
6	2	5463
7	4	5464
7	512	759
8	513	761
9	517	779
9	518	789
9	521	813
10	509	749
11	519	793
12	534	316
12	552	314
13	530	877
13	544	993
14	609	666
14	611	662
14	620	664
15	662	1643
16	668	1673
17	18	367
18	17	366
18	682	368
18	896	370
19	22	609
20	187	506
20	639	504
20	722	502
21	187	518
21	722	514
21	724	516
22	19	608
22	720	610
22	1320	606
23	67	296
23	738	294
23	1351	292
24	634	524
24	743	520
24	774	522
25	31	536
25	754	534
25	1376	532
26	30	550
26	634	552
26	749	548
27	691	556
27	745	554
28	750	568
28	755	572
28	772	570
29	31	574
29	39	37
29	224	407
30	26	551
30	749	2223
30	750	2225
31	25	537
31	29	575
31	743	2155
32	745	2189
32	869	2883
32	870	2885
33	415	334
33	768	336
33	769	338
34	353	340
34	742	344
34	754	342
35	36	352
35	415	350
35	689	354
36	35	353
36	139	358
36	689	356
37	747	328
37	763	332
37	1525	330
38	39	34
38	224	32
38	751	30
39	29	36
39	38	35
39	757	38
40	746	2197
41	780	2379
42	746	2207
43	796	2441
44	804	2463
45	807	2475
46	684	1797
46	1329	4661
47	73	617
48	814	2535
49	425	217
49	828	2639
49	1272	4467
49	1280	4505
50	835	508
50	838	512
50	1133	510
51	839	2763
52	841	2781
53	54	84
53	729	86
53	731	88
54	53	85
55	855	2839
56	850	104
56	851	106
56	854	102
57	831	2713
58	213	5397
58	831	2717
58	1016	3557
59	66	77
59	766	2321
59	773	2359
60	766	2323
61	696	1857
62	757	2275
63	868	2881
64	65	54
64	66	58
64	754	56
65	64	55
65	757	62
65	867	60
66	59	76
66	64	59
66	867	74
67	23	297
67	873	2921
67	1676	5383
68	863	2869
69	497	374
69	816	372
69	858	376
70	841	272
70	842	276
70	864	274
71	826	646
71	827	648
71	901	644
72	921	3135
73	47	616
73	924	618
73	931	614
74	928	3173
75	928	3175
76	934	3193
77	633	678
77	938	674
77	940	676
78	960	476
78	963	478
78	1221	474
79	963	488
79	970	486
79	1613	484
80	980	3417
81	992	3473
82	988	3447
82	994	3481
82	1339	4552
83	1008	3529
83	1558	5185
83	1604	5281
84	707	382
84	716	378
84	1654	380
85	228	5351
85	872	2909
85	1465	5003
86	87	5414
86	225	5416
86	448	5389
87	86	5415
87	1026	5418
87	1509	5071
88	401	210
88	1379	212
88	1551	206
88	1678	208
89	1372	596
89	1614	600
89	1681	598
90	199	190
90	394	192
90	731	194
91	989	196
91	1039	198
92	684	1779
92	931	3183
92	1206	4237
93	95	5413
94	1043	3681
95	93	5412
95	1043	3675
95	1330	4657
96	565	1075
97	830	2681
98	1059	3741
99	830	2653
100	830	2679
101	830	2683
102	830	2687
103	830	2691
104	830	2695
105	1058	3737
106	830	2699
107	830	2655
108	830	2659
109	830	2663
110	845	2809
111	830	2657
112	830	2661
113	830	2667
114	830	2697
115	830	2701
116	117	64
116	642	68
116	1175	66
117	116	65
117	431	70
117	1175	72
118	1077	3803
119	830	2665
119	942	3217
119	1078	3805
120	744	2163
120	830	2693
121	1107	3883
122	432	636
122	434	640
122	642	642
122	1106	638
123	1122	3937
123	1123	3943
123	1125	3951
124	1491	5043
125	128	109
125	1072	3777
125	1075	3787
126	430	19
126	1071	3769
126	1072	3775
127	128	98
127	789	96
127	1075	100
128	125	108
128	127	99
128	1144	110
129	1147	4055
129	1200	4223
129	1651	5347
130	1147	4053
131	1147	4059
132	1148	4067
133	1147	4057
134	1031	3627
135	1096	3849
136	469	5459
137	1003	3515
138	660	1629
138	1442	4951
138	1608	5291
139	36	359
139	769	2333
139	1160	4103
140	186	451
141	453	5411
141	503	703
141	1168	4119
142	143	4000
142	144	4002
142	148	401
142	426	3998
143	142	4001
143	429	4034
143	1152	4032
143	1610	4030
144	142	4003
145	1120	3933
146	147	388
146	428	392
146	1200	390
147	146	389
147	429	396
147	1152	394
148	142	400
148	1152	398
148	1195	402
149	941	3213
150	942	3219
151	281	3
152	965	3355
153	1221	4287
154	159	5423
155	159	5421
156	961	3337
156	965	3353
156	966	3361
156	969	3369
157	1221	4289
158	282	11
159	154	5422
159	155	5420
159	970	3371
160	488	81
160	489	125
160	1234	4329
161	1056	3727
162	411	653
162	412	657
162	450	5405
163	412	659
163	1223	4299
163	1639	5335
164	228	5353
165	167	5409
166	1257	4407
167	165	5408
167	276	319
167	892	3003
168	1262	4427
169	436	5425
169	1187	4181
169	1267	4451
170	1037	3649
171	837	2757
172	996	3485
173	1270	620
173	1272	624
173	1280	622
174	492	690
174	1267	688
174	1271	686
175	240	244
175	492	246
175	1445	242
176	823	2617
177	697	1861
178	223	5406
178	1296	4561
179	1289	4541
180	936	3195
181	183	4639
182	183	4580
182	184	4582
182	1298	4569
183	181	4638
183	182	4581
183	1305	4599
183	1612	4640
184	182	4583
185	672	1695
186	140	450
186	1162	452
186	1314	454
187	20	507
187	21	519
187	720	2017
188	1319	4633
189	190	424
189	1035	428
189	1307	426
189	1323	430
190	189	425
191	436	202
191	1185	200
191	1268	204
192	646	1533
193	288	291
193	404	501
193	1534	1678
194	485	421
194	1073	3783
194	1326	4004
195	286	271
195	287	287
195	684	1785
196	197	122
196	633	120
196	938	118
197	196	123
197	430	21
197	1145	148
198	1177	4147
198	1524	5101
198	1611	5295
199	90	191
199	200	468
199	1027	470
200	199	469
200	394	313
200	1627	472
201	1344	4705
202	1344	4707
203	1344	4709
204	1345	4719
205	1675	5381
206	829	2647
206	1037	3651
206	1269	3868
207	643	130
207	1174	134
207	1672	132
208	1068	3757
209	1369	4793
210	1340	4062
210	1381	4060
210	1578	4064
211	1340	4691
212	213	5394
212	635	1371
212	863	2873
213	58	5396
213	212	5395
213	832	2723
214	832	2729
214	861	2865
214	1018	3561
215	669	1681
216	1455	4979
217	389	265
217	458	278
217	1394	280
218	414	160
218	688	158
218	760	156
219	693	162
219	1401	164
219	1609	166
220	1400	4879
221	1370	4797
222	804	184
222	1410	180
222	1411	182
223	178	5407
224	29	406
224	38	33
224	743	408
225	86	5417
226	874	2923
226	875	2931
226	876	2937
227	813	186
227	1397	188
228	85	5350
228	164	5352
228	229	5348
229	228	5349
229	872	2907
229	986	3433
230	627	1315
231	625	1309
232	233	115
233	232	114
233	235	112
233	676	116
234	621	1291
235	233	113
235	675	544
235	1422	546
236	237	1747
237	236	1746
237	1424	1742
237	1425	1744
238	594	1209
239	374	436
239	375	434
239	1434	432
240	175	245
240	491	324
240	1087	326
241	490	230
241	491	232
241	1087	234
242	660	1631
243	684	1791
243	701	1869
243	1443	4953
244	677	1723
244	1328	4655
244	1341	4693
245	1323	94
245	1371	92
245	1447	90
246	1280	4507
247	1280	4503
248	1448	4959
249	945	3249
250	945	3247
251	945	3241
252	945	3245
253	945	3251
254	945	3255
255	945	3239
256	283	592
256	1443	594
256	1450	590
257	1185	4173
258	1387	4849
259	1455	4977
260	718	1995
261	1310	4617
261	1456	4983
262	1310	4619
263	1310	4609
264	1310	4613
265	1456	4981
266	1285	896
266	1459	900
266	1612	898
267	1289	4537
268	674	1711
268	1194	4199
268	1429	4935
269	270	5398
269	1231	4317
269	1468	5015
270	269	5399
270	1266	4443
270	1465	5005
271	448	5391
271	1229	4309
271	1465	4997
272	273	5400
272	1229	4307
272	1466	5007
273	272	5401
273	274	5402
273	1194	4193
274	273	5403
274	1194	4195
274	1466	5009
275	1472	5025
276	167	318
276	892	322
276	985	320
277	950	168
277	954	170
277	1483	172
278	1490	5039
279	1499	5065
280	1239	4355
281	151	2
281	282	6
281	1216	0
281	1222	4
282	158	10
282	281	7
282	981	8
282	1216	12
283	256	593
283	1449	4961
283	1452	4971
284	468	541
284	1318	4629
284	1319	4635
285	288	238
285	1212	240
285	1537	236
286	195	270
286	925	268
286	931	266
287	195	286
287	685	284
287	686	282
288	193	290
288	285	239
288	680	288
289	679	1741
289	1209	4247
289	1210	4251
290	1212	4255
291	292	462
291	1543	464
291	1546	466
292	291	463
292	975	482
292	1542	480
293	1545	5145
294	1050	3711
294	1402	4889
294	1536	5135
295	701	1871
296	302	461
297	721	2025
298	820	2565
299	302	457
300	820	2581
301	820	2583
302	296	460
302	299	456
302	820	458
303	735	2115
304	637	444
304	638	446
304	1011	448
305	637	670
305	943	668
305	1213	672
306	1387	4851
307	715	1971
307	1375	4496
307	1564	4494
308	715	1969
308	1007	3527
308	1562	4576
309	715	1973
310	1565	5201
311	1022	3583
311	1023	3591
311	1347	4721
312	818	2557
313	710	1935
313	717	1993
313	1564	5048
314	1564	5197
315	316	229
316	315	228
316	1352	224
316	1353	226
317	990	3459
318	990	346
318	1566	348
319	1567	5205
320	891	2999
321	326	5461
322	1348	4727
323	389	263
323	891	2997
324	1565	5199
325	1349	4735
326	321	5460
326	1022	3581
326	1349	4733
327	1024	3599
328	1131	26
328	1572	28
328	1576	24
329	1573	5223
330	1572	5215
331	1574	5225
332	1573	5219
333	334	44
333	335	40
333	1573	42
334	333	45
334	741	48
334	1573	46
335	333	41
335	740	50
335	741	52
336	737	2125
337	1495	5051
338	737	2123
339	341	4622
339	635	1375
339	1579	4620
340	862	2867
341	339	4623
342	635	1373
342	879	2945
342	1581	4662
343	357	5426
343	776	2367
343	1582	5241
344	345	5434
344	346	5430
344	350	5432
344	353	5428
345	344	5435
345	347	5436
345	348	5438
346	344	5431
346	351	5442
346	355	5440
347	345	5437
347	350	5444
347	770	2339
348	345	5439
348	353	5446
348	754	2267
349	356	5448
349	770	2343
349	1582	5239
350	344	5433
350	347	5445
350	351	5450
350	775	2363
351	346	5443
351	350	5451
351	752	2235
352	356	5466
352	357	5468
352	1581	5235
352	1582	5243
353	34	341
353	344	5429
353	348	5447
353	355	5470
354	1102	3871
354	1580	5229
354	1582	5237
355	346	5441
355	353	5471
355	742	2151
356	349	5449
356	352	5467
356	775	2361
356	1584	5247
357	343	5427
357	352	5469
357	771	2347
357	1583	5245
358	1453	4973
359	1102	144
359	1103	146
359	1104	142
360	1586	5251
361	1587	5255
362	363	563
363	362	562
363	366	566
363	1587	564
364	367	578
364	1587	576
364	1589	580
365	1417	4909
366	363	567
366	367	604
366	1586	602
367	364	579
367	366	605
367	1587	612
368	1294	4018
368	1297	4014
368	1593	4016
369	1291	4044
369	1302	4048
369	1592	4046
370	1594	5265
371	1217	4263
372	1181	138
372	1182	140
372	1652	136
373	410	5480
373	411	655
373	1399	4875
374	239	437
374	435	5479
374	1598	5271
375	239	435
375	409	627
375	435	5477
376	1292	4549
376	1400	4881
376	1598	5267
377	1023	3589
378	719	2003
378	852	2833
378	1606	5287
379	658	254
379	1047	256
379	1048	258
380	831	2715
380	832	2725
380	865	2877
381	1617	5303
382	1617	5305
383	1618	5309
384	1616	5301
385	1372	4801
386	646	1523
387	1020	3567
388	1027	252
388	1039	248
388	1623	250
389	217	264
389	323	262
389	990	260
390	1393	4861
391	731	302
391	989	298
391	1344	300
392	1068	308
392	1069	304
392	1563	306
393	1563	5195
394	90	193
394	200	312
394	989	310
395	1570	5207
396	1629	5319
397	1602	5279
398	1602	5277
399	646	16
399	1170	14
400	1020	3569
400	1025	3605
400	1123	3941
400	1351	4743
401	88	211
401	1377	4817
401	1378	4825
402	419	5324
402	1097	3853
402	1381	4845
403	978	492
403	1251	490
403	1637	494
404	193	500
404	1535	498
404	1639	496
405	406	526
405	1040	530
405	1638	528
406	405	527
406	407	560
406	686	558
407	406	561
407	408	582
407	1590	584
408	407	583
408	409	586
408	907	588
409	375	626
409	408	587
409	1601	628
410	373	5481
411	162	652
411	373	654
411	451	650
412	162	656
412	163	658
412	1088	660
413	1067	3755
414	218	161
414	696	384
414	785	386
415	33	335
415	35	351
415	1642	404
416	419	410
416	699	412
416	764	416
416	870	414
417	1099	3863
418	768	2327
418	1098	3859
418	1100	3867
419	402	5325
419	416	411
419	765	2315
420	732	2071
421	422	4836
421	724	2037
421	1646	4834
422	421	4837
422	1282	4513
422	1647	5040
423	1648	5345
424	1648	5343
425	49	216
425	829	214
426	142	3999
426	1195	4203
426	1610	5026
427	429	5472
427	1518	5089
427	1610	5293
428	146	393
428	429	5474
428	1518	5091
429	143	4035
429	147	397
429	427	5473
429	428	5475
430	126	18
430	197	20
430	1149	22
431	117	71
431	642	1469
431	1181	4161
432	122	637
432	1073	3781
432	1081	3809
433	641	154
433	1074	152
433	1107	150
434	122	641
435	374	5478
435	375	5476
435	1292	4547
436	169	5424
436	191	203
436	1268	4459
437	927	3165
438	927	3159
439	1657	5355
440	927	3161
441	927	3167
442	809	2485
443	625	684
443	1155	680
443	1658	682
444	502	699
444	871	2901
444	1508	4918
445	871	2895
445	895	3027
445	1510	5022
446	925	360
446	931	362
446	932	364
447	1433	5386
447	1659	5361
447	1661	5365
448	86	5388
448	271	5390
448	449	5392
449	448	5393
449	1509	5081
449	1512	5083
450	162	5404
450	1233	4323
450	1241	4361
451	411	651
451	1114	3907
451	1235	4335
452	483	4187
453	141	5410
453	871	2889
453	1660	5363
454	628	222
454	629	218
454	630	220
455	1068	3759
456	1053	3725
457	490	5453
457	557	1049
457	1662	5367
458	217	279
458	1024	3593
458	1568	4606
458	1628	4604
459	1419	4915
460	504	709
461	1261	4421
462	1554	5179
463	1555	5183
464	1262	4429
465	1260	4411
466	1273	4471
466	1274	4475
467	1667	5369
468	284	540
468	707	542
468	1338	538
469	136	5458
469	824	2625
469	1668	5456
470	769	2335
470	1162	4113
470	1163	4115
471	1670	5373
472	769	2331
473	1670	5375
474	733	2093
475	873	2917
476	1674	5377
477	1551	5161
478	1551	5167
479	1551	5169
480	1551	630
480	1633	634
480	1678	632
481	1551	5159
482	1551	5173
483	452	4186
483	871	2897
483	1660	4184
484	1116	2810
484	1183	2812
485	194	420
485	1156	418
485	1326	422
486	1206	4233
487	1157	178
487	1174	176
487	1365	174
488	160	80
488	1234	78
488	1501	82
489	160	124
489	881	126
489	1235	128
490	241	231
490	457	5452
490	676	1721
491	240	325
491	241	233
491	492	5454
492	174	691
492	175	247
492	491	5455
493	813	2515
494	1113	3905
495	1670	5371
496	1031	3635
497	69	375
497	816	2539
498	1682	5385
499	0	439
499	500	692
499	502	694
500	499	693
500	501	696
501	0	441
501	500	697
502	0	443
502	444	698
502	499	695
502	1284	700
503	141	702
503	504	706
503	1559	704
504	460	708
504	503	707
504	505	710
505	1	712
505	504	711
505	881	714
506	647	720
506	962	722
506	1166	718
506	1284	724
506	1506	716
507	510	728
507	512	726
508	516	736
508	522	742
508	525	744
508	604	740
508	610	730
508	613	734
508	620	738
508	1054	732
509	10	748
509	522	750
509	525	746
510	507	729
510	511	752
510	515	754
511	510	753
511	514	756
512	7	758
512	507	727
513	5	762
513	8	760
513	516	766
513	1158	764
514	2	768
514	511	757
514	516	770
515	510	755
515	1198	774
515	1334	772
516	2	776
516	508	737
516	513	767
516	514	771
517	9	778
517	519	780
517	520	782
518	9	788
518	523	784
518	1158	786
519	11	792
519	517	781
519	520	794
519	523	790
520	517	783
520	519	795
520	646	798
520	656	800
520	1171	796
521	9	812
521	646	816
521	655	802
521	656	804
521	657	808
521	1158	820
521	1408	818
521	1435	814
521	1446	810
521	1447	806
522	508	743
522	509	751
522	522	824
522	524	822
523	518	785
523	519	791
523	1159	826
524	3	828
524	522	823
524	1158	830
525	508	745
525	509	747
525	544	832
526	527	834
526	528	836
527	526	835
527	528	838
527	529	844
527	573	840
527	574	842
528	526	837
528	527	839
528	548	852
528	549	846
528	574	850
528	575	848
529	527	845
529	535	856
529	539	854
530	13	876
530	530	858
530	531	860
530	532	864
530	542	878
530	543	880
530	545	884
530	554	886
530	555	888
530	556	890
530	557	866
530	558	862
530	564	872
530	565	874
530	1051	868
530	1053	870
530	1432	882
531	530	861
531	533	894
531	545	892
532	530	865
532	544	902
532	1054	904
533	531	895
533	534	910
533	541	908
533	552	906
534	12	317
534	533	911
534	536	914
534	537	916
534	538	918
534	550	930
534	551	932
534	552	934
534	553	936
534	567	920
534	571	924
534	572	926
534	573	928
534	628	938
534	659	912
534	1109	922
535	529	857
535	538	940
535	573	942
535	659	944
536	534	915
536	539	948
536	550	946
537	534	917
537	538	950
537	539	952
538	534	919
538	535	941
538	537	951
538	659	954
539	529	855
539	536	949
539	537	953
539	540	960
539	548	962
539	566	958
539	569	956
540	539	961
540	546	966
540	549	964
541	533	909
541	545	968
541	552	970
541	553	972
541	567	974
542	530	879
542	545	976
542	554	978
543	530	881
543	544	980
543	562	982
544	13	992
544	525	833
544	532	903
544	543	981
544	559	984
544	562	988
544	660	990
544	661	994
544	1035	996
544	1036	998
544	1634	986
545	530	885
545	531	893
545	541	969
545	542	977
545	554	1000
546	540	967
546	547	1002
546	1431	1004
547	546	1003
547	548	1008
547	627	1006
548	528	853
548	539	963
548	547	1009
549	528	847
549	540	965
549	568	1012
549	569	1010
550	534	931
550	536	947
550	566	1014
551	534	933
551	555	1026
551	577	1024
551	585	1016
551	591	1018
551	596	1022
551	1553	1020
552	12	315
552	533	907
552	534	935
552	541	971
553	534	937
553	541	973
553	567	1028
554	530	887
554	542	979
554	545	1001
554	567	1032
554	629	1030
555	530	889
555	551	1027
555	609	1042
555	616	1036
555	618	1040
555	1109	1038
555	1250	1034
556	530	891
556	630	1046
556	1051	1044
557	457	1048
557	530	867
557	1087	1050
558	530	863
559	544	985
559	563	1054
559	661	1052
560	561	1058
560	563	1060
560	1155	1056
561	560	1059
561	563	1064
561	1436	1062
562	543	983
562	544	989
562	563	1068
562	564	1066
563	559	1055
563	560	1061
563	561	1065
563	562	1069
563	565	1070
564	530	873
564	562	1067
564	565	1072
565	96	1074
565	530	875
565	563	1071
565	564	1073
566	539	959
566	550	1015
566	569	1076
566	571	1078
566	624	1080
567	534	921
567	541	975
567	553	1029
567	554	1033
567	631	1082
568	549	1013
568	569	1084
568	621	1086
569	539	957
569	549	1011
569	566	1077
569	568	1085
569	570	1088
570	569	1089
570	621	1090
570	624	1092
571	534	925
571	566	1079
571	572	1094
572	534	927
572	571	1095
572	1658	1096
573	527	841
573	534	929
573	535	943
574	527	843
574	528	851
574	575	1098
575	528	849
575	574	1099
575	579	1102
575	1139	1100
576	577	1106
576	585	1104
576	586	1108
577	551	1025
577	576	1107
577	578	1110
578	577	1111
578	580	1112
578	583	1114
579	575	1103
579	580	1116
579	581	1118
579	582	1120
580	578	1113
580	579	1117
580	582	1122
581	579	1119
581	1138	1124
581	1139	1126
581	1141	1128
582	579	1121
582	580	1123
582	588	1130
582	589	1132
583	578	1115
583	586	1136
583	594	1134
584	591	1142
584	592	1138
584	596	1140
585	551	1017
585	576	1105
585	596	1144
586	576	1109
586	583	1137
586	595	1146
587	592	1148
587	599	1150
587	600	1152
587	601	1154
587	602	1156
587	603	1158
588	582	1131
588	593	1162
588	594	1164
588	595	1166
588	1620	1160
589	582	1133
589	590	1172
589	593	1168
589	597	1170
590	589	1173
590	598	1182
590	599	1186
590	603	1192
590	948	1174
590	951	1176
590	956	1184
590	958	1188
590	959	1190
590	1226	1178
590	1228	1180
591	551	1019
591	584	1143
591	602	1194
591	603	1196
591	609	1198
592	584	1139
592	587	1149
592	593	1200
592	595	1204
592	597	1206
592	602	1202
593	588	1163
593	589	1169
593	592	1201
594	238	1208
594	583	1135
594	588	1165
595	586	1147
595	588	1167
595	592	1205
595	596	1210
596	551	1023
596	584	1141
596	585	1145
596	595	1211
597	589	1171
597	592	1207
597	599	1212
598	590	1183
598	599	1214
598	600	1216
599	587	1151
599	590	1187
599	597	1213
599	598	1215
600	587	1153
600	598	1217
600	601	1218
601	587	1155
601	600	1219
601	603	1220
602	587	1157
602	591	1195
602	592	1203
602	603	1222
603	587	1159
603	590	1193
603	591	1197
603	601	1221
603	602	1223
603	605	1226
603	608	1224
604	508	741
604	610	1230
604	706	1234
604	1328	1228
604	1332	1232
604	1334	1236
605	603	1227
605	608	1240
605	612	1238
605	1332	1242
606	612	1246
606	615	1248
606	619	1244
607	613	1250
607	614	1252
607	1054	1254
608	603	1225
608	605	1241
608	609	1258
608	611	1256
609	14	667
609	555	1043
609	591	1199
609	608	1259
609	617	1260
610	508	731
610	604	1231
610	619	1262
611	14	663
611	608	1257
611	612	1266
611	619	1264
612	605	1239
612	606	1247
612	611	1267
613	508	735
613	607	1251
613	616	1272
613	618	1268
613	620	1270
614	607	1253
614	616	1274
614	1054	1276
615	606	1249
615	619	1278
615	1332	1280
616	555	1037
616	613	1273
616	614	1275
616	654	1282
617	609	1261
617	618	1284
617	620	1286
618	555	1041
618	613	1269
618	617	1285
619	606	1245
619	610	1263
619	611	1265
619	615	1279
619	620	1288
620	14	665
620	508	739
620	613	1271
620	617	1287
620	619	1289
621	234	1290
621	568	1087
621	570	1091
621	622	1292
621	623	1294
622	621	1293
622	623	1296
622	624	1298
623	621	1295
623	622	1297
623	626	1300
624	566	1081
624	570	1093
624	622	1299
624	625	1302
624	1658	1304
624	1665	1306
625	231	1308
625	443	685
625	624	1303
626	623	1301
626	627	1312
626	1421	1310
627	230	1314
627	547	1007
627	626	1313
627	1421	1316
628	454	223
628	534	939
629	454	219
629	554	1031
629	1662	1318
630	454	221
630	556	1047
630	631	1320
631	567	1083
631	630	1321
631	1423	1322
632	703	1326
632	705	1328
632	798	1334
632	800	1336
632	1065	1332
632	1198	1324
632	1374	1330
633	77	679
633	196	121
633	633	1340
633	747	1350
633	748	1352
633	750	1338
633	793	1346
633	940	1348
633	1089	1342
633	1090	1344
634	24	525
634	26	553
634	742	1362
634	759	1360
634	877	1364
634	878	1354
634	879	1356
634	1078	1358
635	212	1370
635	339	1374
635	342	1372
635	771	1380
635	861	1376
635	862	1378
635	877	1382
635	879	1366
635	1029	1368
636	838	1384
636	887	1386
636	997	1392
636	999	1394
636	1015	1388
636	1133	1390
637	304	445
637	305	671
637	638	1400
637	999	1406
637	1010	1396
637	1011	1398
637	1133	1402
637	1558	1404
638	304	447
638	637	1401
638	639	1410
638	1012	1412
638	1213	1414
638	1464	1408
639	20	505
639	638	1411
639	720	1426
639	725	1428
639	1013	1424
639	1014	1422
639	1317	1418
639	1464	1416
639	1656	1420
640	830	1448
640	898	1438
640	899	1440
640	900	1442
640	987	1446
640	1058	1444
640	1074	1450
640	1076	1430
640	1079	1436
640	1121	1432
640	1311	1434
641	433	155
641	642	1456
641	1052	1454
641	1105	1452
642	116	69
642	122	643
642	431	1468
642	641	1457
642	643	1470
642	1073	1462
642	1105	1464
642	1117	1478
642	1118	1480
642	1156	1476
642	1157	1460
642	1175	1474
642	1179	1458
642	1186	1466
642	1382	1472
643	207	131
643	642	1471
643	1117	1482
643	1157	1486
643	1276	1484
644	1046	1502
644	1116	1498
644	1169	1494
644	1267	1500
644	1269	1506
644	1372	1504
644	1614	1490
644	1618	1492
644	1650	1488
644	1681	1496
645	1047	1516
645	1170	1510
645	1171	1512
645	1197	1508
645	1681	1514
646	192	1532
646	386	1522
646	399	17
646	520	799
646	521	817
646	654	1518
646	663	1524
646	664	1526
646	828	1530
646	1086	1528
646	1371	1534
646	1446	1520
647	506	721
647	962	1538
647	967	1540
647	1481	1542
647	1482	1544
647	1493	1536
648	962	1554
648	982	1550
648	983	1552
648	1166	1546
648	1494	1548
649	650	1562
649	970	1560
649	982	1558
649	1497	1556
650	649	1563
650	955	1568
650	960	1564
650	984	1566
650	1484	1570
651	652	1594
651	809	1578
651	918	1572
651	919	1574
651	920	1576
651	921	1580
651	927	1584
651	1306	1592
651	1383	1586
651	1384	1588
651	1385	1590
651	1548	1582
652	651	1595
652	1287	1598
652	1306	1596
653	655	1602
653	1055	1606
653	1057	1600
653	1408	1604
654	3	1610
654	616	1283
654	646	1519
654	655	1608
654	1435	1612
655	3	1616
655	521	803
655	653	1603
655	654	1609
655	656	1614
655	1038	1618
655	1158	1622
655	1435	1620
656	520	801
656	521	805
656	655	1615
657	521	809
657	1418	1626
657	1632	1624
658	379	255
659	534	913
659	535	945
659	538	955
660	138	1628
660	242	1630
660	544	991
660	1324	1634
660	1391	1632
661	544	995
661	559	1053
661	1391	1638
661	1436	1636
662	15	1642
662	1001	1640
662	1003	1644
663	646	1525
663	664	1648
663	1440	1646
664	646	1527
664	663	1649
664	1280	1650
665	666	1656
665	886	1654
665	890	1652
666	665	1657
666	886	1658
666	1005	1662
666	1682	1660
667	886	1668
667	1030	1666
667	1526	1670
667	1530	1664
668	16	1672
668	1002	1674
668	1412	1676
669	215	1680
669	670	1682
669	671	1684
670	669	1683
671	669	1685
671	819	1688
671	1252	1690
671	1403	1686
672	185	1694
672	820	1696
672	826	1698
672	901	1692
673	1217	1706
673	1327	1700
673	1474	1702
673	1479	1704
674	268	1710
674	1143	1714
674	1230	1712
674	1467	1708
675	235	545
675	676	1716
675	1423	1718
676	233	117
676	490	1720
676	675	1717
677	244	1722
677	880	1724
677	1211	1726
677	1212	1728
678	971	1734
678	973	1730
678	1545	1732
679	289	1740
679	680	1736
679	1212	1738
680	288	289
680	679	1737
680	1209	1774
681	681	1748
681	682	1750
681	688	1752
681	689	1754
681	690	1756
681	691	1758
681	693	1760
681	694	1764
681	699	1768
681	1191	1762
681	1193	1766
682	18	369
682	681	1751
682	896	1770
682	897	1772
683	701	1806
683	810	1804
683	897	1802
683	1203	1800
684	46	1796
684	92	1778
684	195	1784
684	243	1790
684	700	1798
684	808	1776
684	914	1794
684	931	1786
684	937	1792
684	1203	1780
684	1206	1782
684	1208	1788
685	287	285
685	925	1810
685	1042	1808
686	287	283
686	406	559
686	687	1812
687	686	1813
687	1040	1816
687	1041	1818
687	1285	1814
688	218	159
688	681	1753
688	689	1820
688	695	1824
688	696	1826
688	1401	1822
688	1525	1828
689	35	355
689	36	357
689	681	1755
689	688	1821
690	681	1757
690	691	1832
690	693	1830
691	27	557
691	681	1759
691	690	1833
691	692	1834
691	745	1836
691	869	1838
692	691	1835
692	747	1842
692	870	1840
693	219	163
693	681	1761
693	690	1831
694	681	1765
694	1451	1844
695	688	1825
695	698	1846
695	1449	1848
696	61	1856
696	414	385
696	688	1827
696	697	1850
696	698	1852
696	869	1854
697	177	1860
697	696	1851
697	698	1858
698	695	1847
698	696	1853
698	697	1859
699	416	413
699	681	1769
699	1449	1862
700	684	1799
700	702	1866
700	703	1864
701	243	1868
701	295	1870
701	683	1807
701	702	1872
702	700	1867
702	701	1873
702	1065	1874
703	632	1327
703	700	1865
703	704	1876
703	1331	1878
704	703	1877
704	1066	1882
704	1342	1884
704	1641	1880
705	632	1329
705	805	1888
705	806	1890
705	1341	1886
706	604	1235
706	804	1892
706	1342	1894
707	84	383
707	468	543
707	716	1904
707	719	1908
707	723	1918
707	729	1896
707	819	1902
707	851	1922
707	1309	1920
707	1387	1916
707	1547	1924
707	1602	1906
707	1604	1912
707	1605	1914
707	1646	1910
707	1654	1898
707	1655	1900
708	709	1926
708	1068	1928
709	708	1927
710	313	1934
710	711	1930
710	717	1936
710	1068	1932
711	710	1931
711	711	1938
711	712	1940
711	713	1942
711	715	1944
711	717	1946
711	1387	1950
711	1647	1948
712	711	1941
712	719	1954
712	1354	1952
713	711	1943
713	713	1958
713	714	1960
713	719	1956
714	713	1961
714	719	1962
715	307	1970
715	308	1968
715	309	1972
715	711	1945
715	715	1974
715	719	1978
715	818	1976
715	1336	1966
715	1375	1964
716	84	379
716	707	1905
716	1011	1980
716	1014	1986
716	1115	1990
716	1654	1982
716	1655	1988
716	1656	1984
717	313	1992
717	710	1937
717	711	1947
718	260	1994
718	1388	1996
718	1392	1998
719	378	2002
719	707	1909
719	712	1955
719	713	1957
719	714	1963
719	715	1979
719	719	2008
719	818	2004
719	1387	2010
719	1602	2006
719	1606	2000
720	22	611
720	187	2016
720	639	1427
720	721	2014
720	722	2012
721	297	2024
721	720	2015
721	820	2020
721	1315	2018
721	1317	2022
722	20	503
722	21	515
722	720	2013
722	723	2026
722	725	2028
723	707	1919
723	722	2027
723	1655	2030
723	1656	2032
723	1664	2034
724	21	517
724	421	2036
724	725	2038
725	639	1429
725	722	2029
725	724	2039
726	728	2040
726	735	2044
726	1566	2042
727	728	2046
727	730	2048
728	726	2041
728	727	2047
728	734	2050
729	53	87
729	707	1897
729	731	2054
729	848	2060
729	852	2062
729	853	2052
729	988	2058
729	1127	2056
730	727	2049
730	734	2064
731	53	89
731	90	195
731	391	303
731	729	2055
731	1027	2068
731	1561	2066
732	420	2070
732	733	2072
732	736	2076
732	737	2078
732	739	2080
732	740	2082
732	1377	2074
733	474	2092
733	732	2073
733	736	2094
733	753	2084
733	776	2098
733	1136	2096
733	1491	2086
733	1669	2088
733	1671	2090
734	728	2051
734	730	2065
734	1020	2106
734	1021	2108
734	1028	2100
734	1552	2102
734	1676	2104
735	303	2114
735	726	2045
735	990	2110
735	991	2116
735	1566	2112
736	732	2077
736	733	2095
736	737	2118
736	738	2120
737	336	2124
737	338	2122
737	732	2079
737	736	2119
737	1495	2126
738	23	295
738	736	2121
738	1350	2128
739	732	2081
739	741	2132
739	1003	2130
740	335	51
740	732	2083
740	1573	2134
741	334	49
741	335	53
741	739	2133
741	1003	2140
741	1131	2138
741	1527	2136
742	34	345
742	355	2150
742	634	1363
742	743	2148
742	752	2142
742	754	2144
742	1376	2146
743	24	521
743	31	2154
743	224	409
743	742	2149
743	756	2156
743	1376	2152
744	120	2162
744	759	2166
744	830	2174
744	939	2168
744	942	2176
744	1078	2158
744	1080	2160
744	1081	2164
744	1214	2170
744	1215	2172
745	27	555
745	32	2188
745	691	1837
745	747	2190
745	751	2178
745	755	2180
745	758	2182
745	764	2184
745	777	2192
745	868	2186
746	40	2196
746	42	2206
746	751	2198
746	757	2202
746	758	2204
746	780	2194
746	781	2200
747	37	329
747	633	1351
747	692	1843
747	745	2191
748	633	1353
748	748	2216
748	759	2208
748	939	2214
748	941	2218
748	1214	2212
748	1215	2210
749	26	549
749	30	2222
749	772	2220
750	28	569
750	30	2224
750	633	1339
751	38	31
751	745	2179
751	746	2199
751	756	2230
751	772	2226
751	781	2228
752	351	2234
752	742	2143
752	775	2240
752	879	2232
752	1581	2236
752	1584	2238
753	733	2085
753	753	2244
753	771	2260
753	862	2256
753	1029	2242
753	1030	2246
753	1489	2254
753	1490	2248
753	1491	2250
753	1529	2252
753	1579	2258
754	25	535
754	34	343
754	64	57
754	348	2266
754	742	2145
754	767	2264
754	770	2268
754	773	2262
755	28	573
755	745	2181
755	772	2270
756	743	2157
756	751	2231
756	774	2272
757	39	39
757	62	2274
757	65	63
757	746	2203
757	764	2278
757	778	2284
757	781	2276
757	866	2280
757	867	2282
758	745	2183
758	746	2205
758	780	2286
759	634	1361
759	744	2167
759	748	2209
759	1078	2288
760	218	157
760	783	2290
760	1308	2292
761	766	2298
761	773	2294
761	1101	2296
762	766	2302
762	767	2304
762	1104	2300
763	37	333
763	793	2306
763	1151	2308
763	1609	2310
764	416	417
764	745	2185
764	757	2279
765	419	2314
765	766	2316
765	866	2312
766	59	2320
766	60	2322
766	761	2299
766	762	2303
766	765	2317
766	866	2318
767	754	2265
767	762	2305
767	1098	2324
768	33	337
768	418	2326
768	1163	2328
769	33	339
769	139	2332
769	470	2334
769	472	2330
770	347	2338
770	349	2342
770	754	2269
770	775	2344
770	1102	2336
770	1582	2340
771	357	2346
771	635	1381
771	753	2261
771	776	2354
771	1579	2348
771	1581	2350
771	1583	2352
772	28	571
772	749	2221
772	751	2227
772	755	2271
772	774	2356
773	59	2358
773	754	2263
773	761	2295
774	24	523
774	756	2273
774	772	2357
775	350	2362
775	356	2360
775	752	2241
775	770	2345
776	343	2366
776	733	2099
776	771	2355
776	1492	2370
776	1580	2368
776	1582	2364
777	745	2193
777	779	2372
777	868	2374
778	757	2285
778	779	2376
779	777	2373
779	778	2377
780	41	2378
780	746	2195
780	758	2287
781	746	2201
781	751	2229
781	757	2277
782	784	2382
782	786	2384
782	787	2380
783	760	2291
783	786	2388
783	787	2386
784	782	2383
784	785	2394
784	945	2390
784	1448	2392
785	414	387
785	784	2395
785	787	2396
786	782	2385
786	783	2389
786	788	2398
787	782	2381
787	783	2387
787	785	2397
788	786	2399
788	793	2400
788	945	2402
789	127	97
789	790	2406
789	792	2408
789	794	2404
790	789	2407
790	794	2412
790	1089	2410
791	792	2418
791	794	2414
791	1201	2416
792	789	2409
792	791	2419
792	1070	2420
792	1200	2424
792	1651	2422
793	633	1347
793	763	2307
793	788	2401
794	789	2405
794	790	2413
794	791	2415
795	796	2428
795	797	2430
795	799	2432
795	802	2434
795	1198	2426
796	43	2440
796	795	2429
796	799	2438
796	801	2436
797	795	2431
797	803	2448
797	1195	2450
798	632	1335
798	803	2442
798	945	2444
798	1150	2446
799	795	2433
799	796	2439
799	801	2456
800	632	1337
800	807	2452
800	1198	2454
801	796	2437
801	799	2457
802	795	2435
802	803	2459
803	797	2449
803	798	2443
803	802	2458
804	44	2462
804	222	185
804	706	1893
804	807	2460
804	1411	2464
805	705	1889
805	806	2468
805	807	2466
806	705	1891
806	805	2469
806	806	2470
807	45	2474
807	800	2453
807	804	2461
807	805	2467
807	1409	2476
807	1411	2472
808	684	1777
808	917	2480
808	1329	2478
809	442	2484
809	651	1579
809	921	2482
809	925	2486
809	926	2488
809	927	2490
809	928	2492
810	683	1805
810	812	2498
810	1202	2494
810	1205	2496
811	924	2504
811	928	2502
811	931	2500
812	810	2499
812	917	2506
813	227	187
813	493	2514
813	813	2508
813	814	2510
813	815	2512
813	892	2530
813	1190	2518
813	1254	2516
813	1265	2528
813	1389	2526
813	1390	2532
813	1475	2520
813	1476	2522
813	1477	2524
814	48	2534
814	813	2511
815	813	2513
816	69	373
816	497	2538
816	817	2546
816	844	2548
816	884	2540
816	902	2544
816	943	2536
816	1082	2542
817	816	2547
817	820	2552
817	884	2554
817	943	2550
818	312	2556
818	715	1977
818	719	2005
818	1007	2558
819	671	1689
819	707	1903
819	1387	2560
820	298	2564
820	300	2580
820	301	2582
820	302	459
820	672	1697
820	721	2021
820	817	2553
820	820	2578
820	884	2566
820	943	2562
820	1083	2574
820	1315	2568
820	1316	2570
820	1317	2572
820	1319	2576
821	823	2600
821	825	2604
821	842	2596
821	856	2588
821	859	2592
821	992	2602
821	993	2590
821	1278	2594
821	1279	2598
821	1313	2586
821	1611	2584
822	823	2610
822	824	2612
822	1318	2608
822	1523	2606
823	176	2616
823	821	2601
823	822	2611
823	1283	2618
823	1523	2614
824	469	2624
824	822	2613
824	825	2626
824	826	2620
824	827	2622
825	821	2605
825	824	2627
825	1322	2628
826	71	647
826	672	1699
826	824	2621
826	827	2634
826	901	2630
826	902	2632
826	1322	2636
827	71	649
827	824	2623
827	826	2635
828	49	2638
828	646	1531
828	1648	2640
829	206	2646
829	425	215
829	1086	2644
829	1362	2648
829	1648	2642
830	97	2680
830	99	2652
830	100	2678
830	101	2682
830	102	2686
830	103	2690
830	104	2694
830	106	2698
830	107	2654
830	108	2658
830	109	2662
830	111	2656
830	112	2660
830	113	2666
830	114	2696
830	115	2700
830	119	2664
830	120	2692
830	640	1449
830	744	2175
830	832	2708
830	834	2650
830	900	2702
830	1018	2704
830	1019	2706
830	1058	2668
830	1059	2670
830	1061	2672
830	1063	2674
830	1064	2676
830	1078	2684
830	1079	2688
831	57	2712
831	58	2716
831	380	2714
831	832	2718
831	833	2710
832	213	2722
832	214	2728
832	380	2724
832	830	2709
832	831	2719
832	834	2720
832	840	2726
832	842	2730
832	843	2732
832	845	2736
832	1063	2734
833	831	2711
833	865	2738
833	889	2744
833	890	2742
833	1016	2740
834	830	2651
834	832	2721
835	50	509
835	836	2748
835	838	2750
835	1008	2746
836	835	2749
837	171	2756
837	996	2754
837	997	2752
838	50	513
838	636	1385
838	835	2751
838	1133	2758
839	51	2762
839	844	2760
839	886	2764
840	832	2727
840	842	2770
840	1134	2768
840	1311	2766
841	52	2780
841	70	273
841	842	2774
841	844	2776
841	846	2782
841	864	2772
841	888	2778
842	70	277
842	821	2597
842	832	2731
842	840	2771
842	841	2775
842	846	2792
842	847	2794
842	858	2784
842	987	2788
842	1134	2790
842	1596	2786
843	832	2733
844	816	2549
844	839	2761
844	841	2777
844	883	2798
844	885	2796
844	886	2800
844	1521	2802
845	110	2808
845	832	2737
845	1061	2804
845	1062	2806
846	841	2783
846	842	2793
847	842	2795
848	729	2061
848	851	2816
848	854	2814
849	849	2818
849	1007	2820
850	56	105
850	853	2824
850	854	2826
850	996	2828
850	1008	2822
851	56	107
851	707	1923
851	848	2817
852	378	2832
852	729	2063
852	1605	2830
853	729	2053
853	850	2825
853	854	2834
854	56	103
854	848	2815
854	850	2827
854	853	2835
855	55	2838
855	1007	2842
855	1023	2836
855	1561	2840
856	821	2589
856	860	2844
856	1312	2846
856	1611	2848
857	859	2852
857	902	2850
858	69	377
858	842	2785
858	859	2854
859	821	2593
859	857	2853
859	858	2855
860	856	2845
860	1076	2856
860	1077	2860
860	1177	2858
861	214	2864
861	635	1377
861	1018	2862
862	340	2866
862	635	1379
862	753	2257
863	68	2868
863	212	2872
863	1016	2870
864	70	275
864	841	2773
864	865	2874
865	380	2876
865	833	2739
865	864	2875
866	757	2281
866	765	2313
866	766	2319
866	867	2878
867	65	61
867	66	75
867	757	2283
867	866	2879
868	63	2880
868	745	2187
868	777	2375
869	32	2882
869	691	1839
869	696	1855
870	32	2884
870	416	415
870	692	1841
870	1401	2886
871	444	2900
871	445	2894
871	453	2888
871	483	2896
871	892	2902
871	1390	2904
871	1507	2890
871	1508	2892
871	1659	2898
872	85	2908
872	229	2906
872	892	2914
872	1265	2910
872	1266	2912
873	67	2920
873	475	2916
873	1673	2918
874	226	2922
874	876	2924
874	1165	2928
874	1188	2926
875	226	2930
875	876	2932
875	1164	2934
876	226	2936
876	874	2925
876	875	2933
877	634	1365
877	635	1383
877	1018	2938
877	1019	2940
878	634	1355
878	879	2942
879	342	2944
879	634	1357
879	635	1367
879	752	2233
879	878	2943
880	677	1725
880	1210	2946
880	1333	2948
881	489	127
881	505	715
881	983	2950
881	1238	2956
881	1240	2958
881	1499	2952
881	1501	2954
882	1114	2964
882	1168	2960
882	1417	2962
882	1559	2968
882	1661	2966
883	844	2799
883	1519	2970
884	816	2541
884	817	2555
884	820	2567
885	844	2797
885	1005	2974
885	1520	2972
886	665	1655
886	666	1659
886	667	1669
886	839	2765
886	844	2801
886	889	2978
886	1531	2976
887	636	1387
887	889	2988
887	890	2990
887	1003	2980
887	1004	2982
887	1006	2984
887	1110	2986
887	1607	2992
888	841	2779
889	833	2745
889	886	2979
889	887	2989
890	665	1653
890	833	2743
890	887	2991
891	320	2998
891	323	2996
891	989	2994
892	167	3002
892	276	323
892	813	2531
892	871	2903
892	872	2915
892	893	3012
892	895	3000
892	1254	3006
892	1255	3010
892	1256	3008
892	1514	3004
893	892	3013
893	1420	3016
893	1512	3014
894	1511	3018
894	1515	3020
895	445	3026
895	892	3001
895	1511	3022
895	1513	3024
896	18	371
896	682	1771
896	897	3030
896	1204	3028
897	682	1773
897	683	1803
897	896	3031
897	1443	3032
898	640	1439
898	900	3036
898	1311	3034
899	640	1441
899	1079	3038
900	640	1443
900	830	2703
900	898	3037
901	71	645
901	672	1693
901	826	2631
902	816	2545
902	826	2633
902	857	2851
902	903	3040
903	902	3041
903	992	3042
903	993	3044
904	907	3054
904	912	3058
904	1293	3046
904	1298	3050
904	1301	3052
904	1457	3056
904	1461	3060
904	1593	3048
905	910	3062
905	1235	3066
905	1292	3064
906	907	3070
906	1601	3068
907	408	589
907	904	3055
907	906	3071
907	909	3076
907	1600	3072
907	1653	3074
908	909	3088
908	1293	3078
908	1294	3080
908	1295	3086
908	1296	3084
908	1593	3082
909	907	3077
909	908	3089
909	911	3090
909	1286	3092
909	1293	3094
909	1296	3096
910	905	3063
910	911	3098
910	1235	3100
910	1463	3102
911	909	3091
911	910	3099
911	1462	3104
912	904	3059
912	913	3108
912	1600	3106
913	912	3109
913	979	3112
913	1640	3110
914	684	1795
914	931	3114
914	936	3116
915	929	3122
915	931	3118
915	933	3120
916	919	3124
916	920	3126
916	928	3128
917	808	2481
917	812	2507
917	1329	3130
918	651	1573
919	651	1575
919	916	3125
919	920	3132
920	651	1577
920	916	3127
920	919	3133
921	72	3134
921	651	1581
921	809	2483
922	925	3136
922	926	3138
922	928	3140
923	1657	5357
924	73	619
924	811	2505
924	925	3142
924	932	3144
925	286	269
925	446	361
925	685	1811
925	809	2487
925	922	3137
925	924	3143
925	926	3146
925	928	3148
925	932	3152
925	1384	3154
925	1657	3150
926	809	2489
926	922	3139
926	925	3147
927	437	3164
927	438	3158
927	440	3160
927	441	3166
927	651	1585
927	809	2491
927	1383	3162
927	1657	3156
928	74	3172
928	75	3174
928	809	2493
928	811	2503
928	916	3129
928	922	3141
928	925	3149
928	929	3170
928	930	3168
929	915	3123
929	928	3171
929	930	3176
930	928	3169
930	929	3177
930	935	3178
931	73	615
931	92	3182
931	286	267
931	446	363
931	684	1787
931	811	2501
931	914	3115
931	915	3119
931	932	3180
931	934	3184
931	936	3186
932	446	365
932	924	3145
932	925	3153
932	931	3181
933	915	3121
933	934	3188
933	935	3190
934	76	3192
934	931	3185
934	933	3189
935	930	3179
935	933	3191
936	180	3194
936	914	3117
936	931	3187
937	684	1793
938	77	675
938	196	119
938	939	3204
938	940	3206
938	941	3196
938	1073	3208
938	1081	3200
938	1149	3198
938	1360	3202
939	744	2169
939	748	2215
939	938	3205
939	940	3210
940	77	677
940	633	1349
940	938	3207
940	939	3211
941	149	3212
941	748	2219
941	938	3197
941	1080	3214
942	119	3216
942	150	3218
942	744	2177
943	305	669
943	816	2537
943	817	2551
943	820	2563
943	944	3220
943	1010	3226
943	1012	3228
943	1082	3222
943	1083	3224
943	1519	3230
943	1603	3232
944	943	3221
944	1213	3236
944	1603	3234
945	249	3248
945	250	3246
945	251	3240
945	252	3244
945	253	3250
945	254	3254
945	255	3238
945	784	2391
945	788	2403
945	798	2445
945	1448	3242
945	1663	3252
946	947	3260
946	1142	3258
946	1327	3256
947	946	3261
947	950	3262
947	1228	3264
947	1483	3266
948	590	1175
948	950	3268
948	954	3270
949	950	3272
949	1226	3274
949	1232	3276
950	277	169
950	947	3263
950	948	3269
950	949	3273
951	590	1177
951	953	3280
951	958	3278
952	955	3286
952	958	3282
952	959	3284
953	951	3281
953	954	3288
953	955	3290
954	277	171
954	948	3271
954	953	3289
954	957	3292
954	960	3294
954	964	3296
954	1481	3298
954	1483	3300
955	650	1569
955	952	3287
955	953	3291
955	956	3304
955	957	3306
955	958	3308
955	960	3310
955	1227	3302
956	590	1185
956	955	3305
956	956	3322
956	959	3324
956	971	3326
956	972	3312
956	974	3314
956	976	3316
956	977	3318
956	978	3320
957	954	3293
957	955	3307
957	960	3328
958	590	1189
958	951	3279
958	952	3283
958	955	3309
959	590	1191
959	952	3285
959	956	3325
960	78	477
960	650	1565
960	954	3295
960	955	3311
960	957	3329
960	963	3330
961	156	3336
961	963	3332
961	970	3334
962	506	723
962	647	1539
962	648	1555
962	970	3342
962	1166	3340
962	1219	3338
963	78	479
963	79	489
963	960	3331
963	961	3333
963	970	3344
964	954	3297
964	967	3346
964	968	3348
965	152	3354
965	156	3352
965	968	3350
966	156	3360
966	967	3356
966	968	3358
967	647	1541
967	964	3347
967	966	3357
967	969	3362
967	970	3364
968	964	3349
968	965	3351
968	966	3359
969	156	3368
969	967	3363
969	970	3366
970	79	487
970	159	3370
970	649	1561
970	961	3335
970	962	3343
970	963	3345
970	967	3365
970	969	3367
971	678	1735
971	956	3327
971	1050	3374
971	1212	3378
971	1536	3372
971	1539	3376
972	956	3313
972	984	3380
972	1505	3382
973	678	1731
973	974	3384
973	975	3386
974	956	3315
974	973	3385
975	292	483
975	973	3387
975	1373	3390
975	1535	3388
975	1545	3392
975	1546	3394
976	956	3317
976	1546	3396
976	1635	3398
977	956	3319
977	981	3400
977	1216	3402
978	403	493
978	956	3321
978	979	3408
978	980	3404
978	1637	3406
979	913	3113
979	978	3409
979	1486	3412
979	1653	3410
980	80	3416
980	978	3405
980	981	3414
980	1218	3418
981	282	9
981	977	3401
981	980	3415
982	648	1551
982	649	1559
983	648	1553
983	881	2951
983	1494	3420
984	650	1567
984	972	3381
984	1225	3422
985	276	321
985	986	3430
985	1253	3428
985	1256	3424
985	1475	3426
986	229	3432
986	985	3431
986	1257	3434
986	1259	3436
986	1679	3438
987	640	1447
987	842	2789
987	1312	3442
987	1596	3440
988	82	3446
988	729	2059
988	995	3444
989	91	197
989	391	299
989	394	311
989	891	2995
989	1349	3456
989	1380	3452
989	1565	3448
989	1570	3450
989	1627	3454
990	317	3458
990	318	347
990	389	261
990	735	2111
990	1380	3464
990	1568	3460
990	1569	3462
991	735	2117
991	1111	3466
991	1176	3468
991	1368	3470
992	81	3472
992	821	2603
992	903	3043
993	821	2591
993	903	3045
994	82	3480
994	995	3476
994	998	3478
994	1339	3474
995	988	3445
995	994	3477
995	996	3482
996	172	3484
996	837	2755
996	850	2829
996	995	3483
997	636	1393
997	837	2753
997	998	3486
998	994	3479
998	997	3487
998	1126	3488
998	1127	3490
998	1367	3492
999	636	1395
999	637	1407
999	1009	3494
999	1010	3496
1000	1001	3500
1000	1015	3502
1000	1110	3498
1001	662	1641
1001	1000	3501
1001	1002	3504
1002	668	1675
1002	1001	3505
1002	1003	3510
1002	1124	3508
1002	1130	3506
1003	137	3514
1003	662	1645
1003	739	2131
1003	741	2141
1003	887	2981
1003	1002	3511
1003	1532	3516
1003	1607	3512
1004	887	2983
1004	1005	3520
1004	1009	3518
1005	666	1663
1005	885	2975
1005	1004	3521
1005	1006	3522
1006	887	2985
1006	1005	3523
1006	1682	3524
1007	308	3526
1007	818	2559
1007	849	2821
1007	855	2843
1008	83	3528
1008	835	2747
1008	850	2823
1008	1604	3530
1009	999	3495
1009	1004	3519
1010	637	1397
1010	943	3227
1010	999	3497
1010	1520	3532
1010	1522	3534
1011	304	449
1011	637	1399
1011	716	1981
1011	1014	3536
1012	638	1413
1012	943	3229
1012	1013	3538
1012	1213	3540
1012	1603	3542
1013	639	1425
1013	1012	3539
1013	1083	3550
1013	1316	3544
1013	1321	3546
1013	1464	3548
1014	639	1423
1014	716	1987
1014	1011	3537
1015	636	1389
1015	1000	3503
1015	1412	3552
1016	58	3556
1016	833	2741
1016	863	2871
1016	1017	3554
1017	1016	3555
1018	214	3560
1018	830	2705
1018	861	2863
1018	877	2939
1018	1019	3558
1019	830	2707
1019	877	2941
1019	1018	3559
1019	1078	3562
1020	387	3566
1020	400	3568
1020	734	2107
1020	1021	3572
1020	1027	3574
1020	1122	3564
1020	1625	3570
1021	734	2109
1021	1020	3573
1021	1351	3576
1022	311	3582
1022	326	3580
1022	1024	3586
1022	1069	3584
1022	1565	3578
1023	311	3590
1023	377	3588
1023	855	2837
1024	327	3598
1024	458	3592
1024	1022	3587
1024	1571	3594
1024	1628	3596
1025	400	3604
1025	1124	3602
1025	1643	3600
1026	87	5419
1027	199	471
1027	388	253
1027	731	2069
1027	1020	3575
1027	1122	3612
1027	1125	3610
1027	1127	3608
1027	1627	3606
1028	734	2101
1028	1033	3616
1028	1405	3620
1028	1622	3618
1028	1677	3614
1029	635	1369
1029	753	2243
1029	1030	3622
1030	667	1667
1030	753	2247
1030	1029	3623
1031	134	3626
1031	496	3634
1031	1135	3630
1031	1136	3632
1031	1454	3628
1031	1492	3624
1032	1034	3636
1032	1622	3638
1033	1028	3617
1034	1032	3637
1035	189	429
1035	544	997
1035	1323	3640
1035	1324	3642
1036	544	999
1036	1038	3644
1036	1248	3646
1037	170	3648
1037	206	3650
1037	1681	3652
1038	655	1619
1038	1036	3645
1038	1245	3654
1038	1247	3658
1038	1323	3660
1038	1441	3662
1038	1446	3656
1039	91	199
1039	388	249
1040	405	531
1040	687	1817
1040	1285	3664
1040	1415	3666
1041	687	1819
1041	1042	3668
1041	1384	3670
1042	685	1809
1042	1041	3669
1042	1384	3672
1043	94	3680
1043	95	3674
1043	1044	3678
1043	1210	3676
1044	1043	3679
1044	1330	3682
1044	1333	3684
1045	1329	4659
1046	644	1503
1046	1108	3686
1046	1169	3690
1046	1325	3688
1047	379	257
1047	645	1517
1047	1048	3696
1047	1197	3692
1047	1325	3694
1048	379	259
1048	1047	3697
1048	1108	3702
1048	1159	3704
1048	1325	3698
1048	1610	3700
1049	1050	3706
1049	1545	3708
1050	294	3710
1050	971	3375
1050	1049	3707
1051	530	869
1051	556	1045
1051	1155	3712
1052	641	1455
1052	1121	3714
1052	1172	3716
1053	456	3724
1053	530	871
1053	1196	3718
1053	1432	3722
1053	1680	3720
1054	508	733
1054	532	905
1054	607	1255
1054	614	1277
1055	653	1607
1056	161	3726
1056	1247	3728
1056	1249	3730
1057	653	1601
1057	1196	3732
1057	1408	3734
1058	105	3736
1058	640	1445
1058	830	2669
1058	1079	3738
1059	98	3740
1059	830	2671
1060	1062	3745
1061	830	2673
1061	845	2805
1061	1062	3742
1062	845	2807
1062	1060	3744
1062	1061	3743
1063	830	2675
1063	832	2735
1064	830	2677
1065	632	1333
1065	702	1875
1065	1065	3746
1065	1066	3752
1065	1067	3750
1065	1374	3748
1066	704	1883
1066	1065	3753
1067	413	3754
1067	1065	3751
1068	208	3756
1068	392	309
1068	455	3758
1068	708	1929
1068	710	1933
1069	392	305
1069	1022	3585
1069	1369	3760
1070	792	2421
1070	1075	3766
1070	1358	3762
1070	1360	3764
1071	126	3768
1071	1075	3772
1071	1149	3770
1072	125	3776
1072	126	3774
1072	1144	3778
1073	194	3782
1073	432	3780
1073	642	1463
1073	938	3209
1074	433	153
1074	640	1451
1074	1106	3784
1075	125	3786
1075	127	101
1075	1070	3767
1075	1071	3773
1076	640	1431
1076	860	2857
1076	1077	3790
1076	1119	3792
1076	1120	3794
1076	1177	3788
1077	118	3802
1077	860	2861
1077	1076	3791
1077	1179	3796
1077	1283	3800
1077	1523	3798
1078	119	3804
1078	634	1359
1078	744	2159
1078	759	2289
1078	830	2685
1078	1019	3563
1079	640	1437
1079	830	2689
1079	899	3039
1079	1058	3739
1080	744	2161
1080	941	3215
1080	1214	3806
1081	432	3808
1081	744	2165
1081	938	3201
1082	816	2543
1082	943	3223
1083	820	2575
1083	943	3225
1083	1013	3551
1084	1615	5297
1085	1199	4215
1086	646	1529
1086	829	2645
1086	1370	3810
1086	1648	3812
1087	240	327
1087	241	235
1087	557	1051
1088	412	661
1088	1241	3818
1088	1242	3820
1088	1487	3814
1088	1488	3816
1089	633	1343
1089	790	2411
1089	1090	3824
1089	1145	3822
1089	1151	3826
1090	633	1345
1090	1089	3825
1090	1150	3828
1091	1093	3830
1091	1098	3832
1092	1093	3834
1092	1098	3836
1093	1091	3831
1093	1092	3835
1093	1094	3838
1093	1095	3840
1093	1096	3842
1094	1093	3839
1094	1097	3846
1094	1099	3844
1095	1093	3841
1096	135	3848
1096	1093	3843
1097	402	3852
1097	1094	3847
1097	1101	3850
1098	418	3858
1098	767	2325
1098	1091	3833
1098	1092	3837
1098	1100	3854
1098	1340	3856
1099	417	3862
1099	1094	3845
1099	1642	3860
1100	418	3866
1100	1098	3855
1100	1101	3864
1101	761	2297
1101	1097	3851
1101	1100	3865
1102	354	3870
1102	359	145
1102	770	2337
1102	1492	3872
1103	359	147
1104	359	143
1104	762	2301
1104	1492	3876
1104	1578	3874
1105	641	1453
1105	642	1465
1105	1106	3878
1106	122	639
1106	1074	3785
1106	1105	3879
1106	1107	3880
1107	121	3882
1107	433	151
1107	1106	3881
1108	1046	3687
1108	1048	3703
1108	1304	3884
1109	534	923
1109	555	1039
1109	1250	3886
1109	1432	3890
1109	1553	3888
1110	887	2987
1110	1000	3499
1110	1110	3892
1111	991	3467
1112	1113	3900
1112	1416	3894
1112	1559	3896
1112	1587	3898
1113	494	3904
1113	1112	3901
1113	1114	3902
1114	451	3906
1114	882	2965
1114	1113	3903
1115	716	1991
1116	484	2811
1116	644	1499
1116	1269	3914
1116	1270	3908
1116	1361	3910
1116	1362	3912
1117	642	1479
1117	643	1483
1117	1118	3918
1117	1276	3916
1118	642	1481
1118	1117	3919
1118	1277	3922
1118	1652	3920
1119	1076	3793
1119	1119	3928
1119	1120	3930
1119	1121	3924
1119	1172	3926
1120	145	3932
1120	1076	3795
1120	1119	3931
1120	1178	3934
1121	640	1433
1121	1052	3715
1121	1119	3925
1122	123	3936
1122	1020	3565
1122	1027	3613
1123	123	3942
1123	400	3940
1123	1124	3938
1124	1002	3509
1124	1025	3603
1124	1123	3939
1124	1125	3948
1124	1126	3944
1124	1128	3946
1125	123	3950
1125	1027	3611
1125	1124	3949
1125	1129	3952
1126	998	3489
1126	1124	3945
1126	1127	3954
1126	1128	3956
1127	729	2057
1127	998	3491
1127	1027	3609
1127	1126	3955
1127	1132	3958
1128	1124	3947
1128	1126	3957
1128	1129	3962
1128	1131	3960
1129	1125	3953
1129	1128	3963
1129	1130	3964
1129	1132	3966
1129	1412	3968
1130	1002	3507
1130	1129	3965
1130	1131	3970
1130	1412	3972
1130	1495	3976
1130	1574	3974
1131	328	27
1131	741	2139
1131	1128	3961
1131	1130	3971
1131	1573	3978
1132	1127	3959
1132	1129	3967
1132	1367	3980
1133	50	511
1133	636	1391
1133	637	1403
1133	838	2759
1134	840	2769
1134	842	2791
1134	1311	3982
1135	1031	3631
1135	1136	3986
1135	1671	3984
1136	733	2097
1136	1031	3633
1136	1135	3987
1136	1670	3988
1136	1671	3990
1137	1182	3994
1137	1277	3992
1137	1361	3996
1138	581	1125
1138	1141	4008
1138	1228	4006
1139	575	1101
1139	581	1127
1139	1140	4010
1139	1431	4012
1140	1139	4011
1140	1230	4022
1140	1431	4020
1141	581	1129
1141	1138	4009
1141	1143	4029
1142	946	3259
1142	1228	4024
1143	674	1715
1143	1141	4028
1143	1474	4026
1144	128	111
1144	1072	3779
1144	1145	4050
1145	197	149
1145	1089	3823
1145	1144	4051
1146	1238	4040
1146	1494	4038
1146	1496	4036
1146	1497	4042
1147	129	4054
1147	130	4052
1147	131	4058
1147	133	4056
1148	132	4066
1148	1195	4070
1148	1200	4068
1149	430	23
1149	938	3199
1149	1071	3771
1150	798	2447
1150	1090	3829
1150	1308	4072
1151	763	2309
1151	1089	3827
1151	1199	4074
1152	143	4033
1152	147	395
1152	148	399
1153	1154	4076
1153	1491	4078
1154	1153	4077
1154	1669	4080
1155	443	681
1155	560	1057
1155	1051	3713
1155	1608	4082
1156	485	419
1156	642	1477
1156	1157	4084
1156	1326	4086
1157	487	179
1157	642	1461
1157	643	1487
1157	1156	4085
1157	1326	4088
1158	513	765
1158	518	787
1158	521	821
1158	524	831
1158	655	1623
1158	1159	4092
1158	1198	4090
1159	523	827
1159	1048	3705
1159	1158	4093
1159	1195	4096
1159	1197	4094
1160	139	4102
1160	1161	4098
1160	1162	4100
1161	1160	4099
1161	1191	4106
1161	1193	4104
1162	186	453
1162	470	4112
1162	1160	4101
1162	1163	4108
1162	1191	4110
1163	470	4114
1163	768	2329
1163	1162	4109
1164	875	2935
1165	874	2929
1166	506	719
1166	648	1547
1166	962	3341
1166	1167	4116
1167	1166	4117
1168	141	4118
1168	882	2961
1168	1660	4120
1169	644	1495
1169	1046	3691
1169	1173	4122
1169	1304	4126
1169	1672	4124
1170	399	15
1170	645	1511
1170	1370	4128
1171	520	797
1171	645	1513
1172	1052	3717
1172	1119	3927
1172	1175	4132
1172	1524	4130
1173	1169	4123
1173	1174	4140
1173	1304	4142
1173	1358	4134
1173	1364	4138
1173	1672	4136
1174	207	135
1174	487	177
1174	1173	4141
1174	1364	4144
1175	116	67
1175	117	73
1175	642	1475
1175	1172	4133
1176	991	3469
1177	198	4146
1177	860	2859
1177	1076	3789
1178	1120	3935
1179	642	1459
1179	1077	3797
1179	1184	4148
1179	1281	4150
1180	1181	4154
1180	1183	4156
1180	1524	4152
1181	372	139
1181	431	4160
1181	1180	4155
1181	1181	4162
1181	1382	4158
1182	372	141
1182	1137	3995
1182	1183	4164
1183	484	2813
1183	1180	4157
1183	1182	4165
1184	1179	4149
1184	1185	4166
1184	1186	4168
1184	1187	4170
1185	191	201
1185	257	4172
1185	1184	4167
1185	1281	4174
1186	642	1467
1186	1184	4169
1186	1281	4176
1187	169	4180
1187	1184	4171
1187	1267	4178
1188	874	2927
1189	1190	4183
1190	813	2519
1190	1189	4182
1191	681	1763
1191	1161	4107
1191	1162	4111
1192	1193	4189
1193	681	1767
1193	1161	4105
1193	1192	4188
1194	268	4198
1194	273	4192
1194	274	4194
1194	1217	4200
1194	1231	4196
1194	1467	4190
1195	148	403
1195	426	4202
1195	797	2451
1195	1148	4071
1195	1159	4097
1195	1198	4204
1195	1199	4206
1196	1053	3719
1196	1057	3733
1196	1249	4210
1196	1634	4208
1197	645	1509
1197	1047	3693
1197	1159	4095
1198	515	775
1198	632	1325
1198	795	2427
1198	800	2455
1198	1158	4091
1198	1195	4205
1198	1335	4212
1199	1085	4214
1199	1151	4075
1199	1195	4207
1199	1308	4218
1199	1651	4216
1200	129	4222
1200	146	391
1200	792	2425
1200	1148	4069
1200	1358	4220
1200	1651	4224
1201	791	2417
1201	1651	4226
1202	810	2495
1202	1203	4228
1202	1443	4230
1203	683	1801
1203	684	1781
1203	1202	4229
1204	896	3029
1205	810	2497
1206	92	4236
1206	486	4232
1206	684	1783
1206	1207	4238
1206	1209	4234
1207	1206	4239
1207	1208	4240
1207	1330	4242
1208	684	1789
1208	1207	4241
1208	1209	4244
1209	289	4246
1209	680	1775
1209	1206	4235
1209	1208	4245
1210	289	4250
1210	880	2947
1210	1043	3677
1210	1212	4248
1211	677	1727
1211	1212	4252
1212	285	241
1212	290	4254
1212	677	1729
1212	679	1739
1212	971	3379
1212	1210	4249
1212	1211	4253
1212	1540	4256
1213	305	673
1213	638	1415
1213	944	3237
1213	1012	3541
1214	744	2171
1214	748	2213
1214	1080	3807
1215	744	2173
1215	748	2211
1216	281	1
1216	282	13
1216	977	3403
1216	1505	4258
1217	371	4262
1217	673	1707
1217	1194	4201
1217	1224	4266
1217	1482	4264
1217	1493	4260
1218	980	3419
1218	1220	4268
1218	1222	4270
1219	962	3339
1220	1218	4269
1220	1223	4276
1220	1237	4278
1220	1239	4274
1220	1242	4284
1220	1243	4272
1220	1503	4280
1220	1504	4282
1221	78	475
1221	153	4286
1221	157	4288
1222	281	5
1222	1218	4271
1222	1225	4290
1222	1504	4292
1223	163	4298
1223	1220	4277
1223	1485	4294
1223	1486	4296
1224	1217	4267
1225	984	3423
1225	1222	4291
1225	1484	4300
1226	590	1179
1226	949	3275
1226	1228	4302
1227	955	3303
1227	1557	4304
1228	590	1181
1228	947	3265
1228	1138	4007
1228	1142	4025
1228	1226	4303
1229	271	4308
1229	272	4306
1229	1420	4310
1230	674	1713
1230	1140	4023
1230	1429	4312
1231	269	4316
1231	1194	4197
1231	1429	4314
1231	1468	4318
1232	949	3277
1233	450	4322
1233	1235	4326
1233	1241	4324
1233	1500	4320
1234	160	4328
1234	488	79
1234	1501	4330
1235	451	4334
1235	489	129
1235	905	3067
1235	910	3101
1235	1233	4327
1235	1499	4332
1236	1238	4338
1236	1487	4340
1236	1488	4342
1236	1502	4336
1237	1220	4279
1237	1239	4346
1237	1244	4344
1237	1484	4350
1237	1504	4348
1238	881	2957
1238	1146	4041
1238	1236	4339
1238	1498	4352
1239	280	4354
1239	1220	4275
1239	1237	4347
1240	881	2959
1240	1499	4356
1240	1500	4358
1241	450	4360
1241	1088	3819
1241	1233	4325
1241	1500	4362
1242	1088	3821
1242	1220	4285
1242	1485	4364
1242	1488	4366
1243	1220	4273
1243	1488	4370
1243	1502	4368
1244	1237	4345
1244	1497	4372
1244	1503	4374
1245	1038	3655
1245	1246	4376
1245	1247	4378
1246	1245	4377
1246	1247	4380
1247	1038	3659
1247	1056	3729
1247	1245	4379
1247	1246	4381
1248	1036	3647
1248	1249	4384
1248	1634	4382
1249	1056	3731
1249	1196	4211
1249	1248	4385
1250	555	1035
1250	1109	3887
1250	1432	4386
1251	403	491
1251	1486	4388
1251	1639	4390
1252	671	1691
1252	1547	4392
1253	985	3429
1253	1475	4396
1253	1594	4394
1254	813	2517
1254	892	3007
1254	1255	4402
1254	1256	4398
1254	1475	4400
1255	892	3011
1255	1254	4403
1256	892	3009
1256	985	3425
1256	1254	4399
1257	166	4406
1257	986	3435
1257	1258	4404
1258	1257	4405
1258	1258	4408
1259	986	3437
1260	465	4410
1260	1261	4414
1260	1421	4412
1261	461	4420
1261	1260	4415
1261	1262	4422
1261	1555	4416
1261	1666	4418
1262	168	4426
1262	464	4428
1262	1261	4423
1262	1263	4424
1262	1556	4430
1263	1262	4425
1264	1266	4434
1264	1470	4432
1264	1472	4436
1265	813	2529
1265	872	2911
1265	1390	4440
1265	1469	4438
1266	270	4442
1266	872	2913
1266	1264	4435
1267	169	4450
1267	174	689
1267	644	1501
1267	1187	4179
1267	1267	4452
1267	1268	4454
1267	1269	4456
1267	1271	4444
1267	1274	4448
1267	1667	4446
1268	191	205
1268	436	4458
1268	1267	4455
1269	206	3869
1269	644	1507
1269	1116	3915
1269	1267	4457
1270	173	621
1270	1116	3909
1270	1608	4460
1271	174	687
1271	1267	4445
1271	1273	4464
1271	1445	4462
1272	49	4466
1272	173	625
1272	1362	4468
1273	466	4470
1273	1271	4465
1273	1274	4472
1274	466	4474
1274	1267	4449
1274	1273	4473
1274	1667	4476
1275	1336	4478
1275	1338	4482
1275	1354	4480
1276	643	1485
1276	1117	3917
1276	1277	4486
1276	1650	4484
1277	1118	3923
1277	1137	3993
1277	1276	4487
1277	1619	4488
1278	821	2595
1278	1279	4490
1278	1596	4492
1279	821	2599
1279	1278	4491
1279	1312	4498
1279	1313	4500
1280	49	4504
1280	173	623
1280	246	4506
1280	247	4502
1280	664	1651
1281	1179	4151
1281	1185	4175
1281	1186	4177
1282	422	4512
1282	1320	4508
1282	1321	4510
1283	823	2619
1283	1077	3801
1283	1523	4514
1284	502	701
1284	506	725
1284	1343	4516
1284	1507	4518
1285	266	897
1285	687	1815
1285	1040	3665
1285	1288	4520
1286	909	3093
1287	652	1599
1287	1290	4522
1287	1384	4524
1287	1385	4526
1288	1285	4521
1288	1289	4534
1288	1290	4530
1288	1306	4528
1288	1612	4532
1289	179	4540
1289	267	4536
1289	1288	4535
1289	1290	4538
1290	1287	4523
1290	1288	4531
1290	1289	4539
1291	369	4045
1291	1305	4544
1291	1458	4542
1292	376	4548
1292	435	4546
1292	905	3065
1292	1463	4550
1293	904	3047
1293	908	3079
1293	909	3095
1293	1593	4578
1294	368	4019
1294	908	3081
1294	1296	4554
1294	1297	4556
1295	908	3087
1295	1296	4558
1296	178	4560
1296	908	3085
1296	909	3097
1296	1294	4555
1296	1295	4559
1297	368	4015
1297	1294	4557
1297	1299	4562
1298	182	4568
1298	904	3051
1298	1301	4564
1298	1458	4566
1299	1297	4563
1299	1303	4574
1299	1461	4570
1299	1592	4572
1300	1303	4593
1301	904	3053
1301	1298	4565
1301	1415	4584
1302	369	4049
1302	1457	4590
1302	1461	4586
1302	1592	4588
1303	1299	4575
1303	1300	4592
1304	1108	3885
1304	1169	4127
1304	1173	4143
1304	1517	4594
1305	183	4598
1305	1291	4545
1305	1306	4596
1305	1458	4600
1306	651	1593
1306	652	1597
1306	1288	4529
1306	1305	4597
1307	189	427
1308	760	2293
1308	1150	4073
1308	1199	4219
1309	707	1921
1309	1387	4602
1310	261	4616
1310	262	4618
1310	263	4608
1310	264	4612
1310	1392	4610
1310	1455	4614
1311	640	1435
1311	840	2767
1311	898	3035
1311	1134	3983
1312	856	2847
1312	987	3443
1312	1279	4499
1313	821	2587
1313	1279	4501
1314	186	455
1315	721	2019
1315	820	2569
1315	1317	4624
1315	1318	4626
1316	820	2571
1316	1013	3545
1317	639	1419
1317	721	2023
1317	820	2573
1317	1315	4625
1318	284	4628
1318	822	2609
1318	1315	4627
1319	188	4632
1319	284	4634
1319	820	2577
1319	1320	4630
1320	22	607
1320	1282	4509
1320	1319	4631
1321	1013	3547
1321	1282	4511
1321	1322	4636
1322	825	2629
1322	826	2637
1322	1321	4637
1323	189	431
1323	245	95
1323	1035	3641
1323	1038	3661
1324	660	1635
1324	1035	3643
1324	1324	4642
1325	1046	3689
1325	1047	3695
1325	1048	3699
1326	194	4005
1326	485	423
1326	1156	4087
1326	1157	4089
1326	1360	4646
1326	1363	4648
1326	1365	4644
1327	673	1701
1327	946	3257
1327	1483	4650
1328	244	4654
1328	604	1229
1328	1331	4652
1329	46	4660
1329	808	2479
1329	917	3131
1329	1045	4658
1330	95	4656
1330	1044	3683
1330	1207	4243
1331	703	1879
1331	1328	4653
1331	1333	4664
1332	604	1233
1332	605	1243
1332	615	1281
1333	880	2949
1333	1044	3685
1333	1331	4665
1334	515	773
1334	604	1237
1334	1335	4668
1334	1410	4670
1334	1516	4666
1335	1198	4213
1335	1334	4669
1335	1409	4672
1336	715	1967
1336	1275	4479
1336	1337	4674
1337	1336	4675
1337	1338	4680
1337	1354	4678
1337	1393	4676
1338	468	539
1338	1275	4483
1338	1337	4681
1338	1354	4684
1338	1392	4682
1339	82	4553
1339	994	3475
1339	1367	4686
1340	210	4063
1340	211	4690
1340	1098	3857
1340	1642	4688
1341	244	4692
1341	705	1887
1341	1342	4694
1342	704	1885
1342	706	1895
1342	1341	4695
1343	1284	4517
1343	1473	4696
1343	1506	4700
1343	1595	4698
1344	201	4704
1344	202	4706
1344	203	4708
1344	391	301
1344	1345	4710
1344	1348	4714
1344	1561	4712
1344	1565	4702
1345	204	4718
1345	1344	4711
1345	1565	4716
1346	1347	4723
1347	311	4720
1347	1346	4722
1347	1348	4724
1348	322	4726
1348	1344	4715
1348	1347	4725
1348	1561	4730
1348	1565	4728
1349	325	4734
1349	326	4732
1349	989	3457
1350	738	2129
1350	1351	4736
1350	1644	4738
1350	1675	4740
1351	23	293
1351	400	4742
1351	1021	3577
1351	1350	4737
1351	1673	4744
1351	1674	4746
1352	316	225
1352	1353	4748
1352	1380	4754
1352	1567	4750
1352	1569	4752
1353	316	227
1353	1352	4749
1353	1570	4756
1354	712	1953
1354	1275	4481
1354	1337	4679
1354	1338	4685
1355	1356	4763
1356	1355	4762
1356	1357	4758
1356	1476	4760
1357	1356	4759
1358	1070	3763
1358	1173	4135
1358	1200	4221
1358	1359	4768
1358	1366	4772
1358	1517	4770
1358	1615	4764
1358	1616	4766
1359	1358	4769
1359	1616	4774
1360	938	3203
1360	1070	3765
1360	1326	4647
1361	1116	3911
1361	1137	3997
1361	1618	4776
1361	1619	4778
1362	829	2649
1362	1116	3913
1362	1272	4469
1363	1326	4649
1363	1365	4782
1363	1366	4784
1363	1617	4780
1364	1173	4139
1364	1174	4145
1364	1365	4786
1364	1366	4788
1365	487	175
1365	1326	4645
1365	1363	4783
1365	1364	4787
1366	1358	4773
1366	1363	4785
1366	1364	4789
1366	1617	4790
1367	998	3493
1367	1132	3981
1367	1339	4687
1368	991	3471
1369	209	4792
1369	1069	3761
1369	1630	4794
1370	221	4796
1370	1086	3811
1370	1170	4129
1371	245	93
1371	646	1535
1371	1632	4798
1372	89	597
1372	385	4800
1372	644	1505
1372	1614	4802
1373	975	3391
1373	1402	4804
1373	1535	4810
1373	1544	4806
1373	1545	4808
1374	632	1331
1374	1065	3749
1374	1443	4812
1375	307	4497
1375	715	1965
1375	1560	4814
1376	25	533
1376	742	2147
1376	743	2153
1377	401	4816
1377	732	2075
1377	1378	4818
1377	1379	4820
1378	401	4824
1378	1377	4819
1378	1633	4822
1378	1644	4826
1379	88	213
1379	1377	4821
1379	1379	4828
1379	1550	4830
1380	989	3453
1380	990	3465
1380	1352	4755
1380	1570	4832
1381	210	4061
1381	402	4844
1381	1585	4842
1382	642	1473
1382	1181	4159
1382	1652	4838
1383	651	1587
1383	927	3163
1384	651	1589
1384	925	3155
1384	1041	3671
1384	1042	3673
1384	1287	4525
1384	1385	4840
1385	651	1591
1385	1287	4527
1385	1384	4841
1386	1607	5289
1387	258	4848
1387	306	4850
1387	707	1917
1387	711	1951
1387	719	2011
1387	819	2561
1387	1309	4603
1387	1388	4846
1388	718	1997
1388	1387	4847
1389	813	2527
1389	1469	4852
1390	813	2533
1390	871	2905
1390	1265	4441
1390	1420	4854
1391	660	1633
1391	661	1639
1391	1436	4856
1392	718	1999
1392	1310	4611
1392	1338	4683
1393	390	4860
1393	1337	4677
1393	1626	4858
1394	217	281
1395	1396	4862
1395	1594	4864
1396	1395	4863
1396	1475	4866
1396	1476	4868
1397	227	189
1398	1399	4871
1399	373	4874
1399	1398	4870
1399	1597	4872
1400	220	4878
1400	376	4880
1400	1649	4876
1401	219	165
1401	688	1823
1401	870	2887
1401	1525	4882
1401	1609	4884
1402	294	4888
1402	1373	4805
1402	1535	4886
1403	671	1687
1404	1479	4890
1404	1481	4892
1404	1482	4894
1405	1028	3621
1406	1551	5171
1407	1598	5269
1408	521	819
1408	653	1605
1408	1057	3735
1409	807	2477
1409	1335	4673
1410	222	181
1410	1334	4671
1411	222	183
1411	804	2465
1411	807	2473
1412	668	1677
1412	1015	3553
1412	1129	3969
1412	1130	3973
1413	1437	4941
1414	1508	4896
1414	1510	4898
1414	1511	4900
1415	1040	3667
1415	1301	4585
1415	1599	4904
1415	1638	4902
1416	1112	3895
1416	1417	4906
1417	365	4908
1417	882	2963
1417	1416	4907
1418	657	1627
1418	1439	4912
1418	1440	4910
1419	459	4914
1419	1664	4916
1420	893	3017
1420	1229	4311
1420	1390	4855
1421	626	1311
1421	627	1317
1421	1260	4413
1422	235	547
1423	631	1323
1423	675	1719
1423	1662	4920
1424	237	1743
1425	237	1745
1425	1427	4924
1425	1428	4926
1425	1430	4922
1426	1427	4928
1426	1428	4930
1427	1425	4925
1427	1426	4929
1427	1428	4932
1428	1425	4927
1428	1426	4931
1428	1427	4933
1429	268	4934
1429	1230	4313
1429	1231	4315
1430	1425	4923
1431	546	1005
1431	1139	4013
1431	1140	4021
1432	530	883
1432	1053	3723
1432	1109	3891
1432	1250	4387
1433	447	5387
1434	239	433
1435	521	815
1435	654	1613
1435	655	1621
1436	561	1063
1436	661	1637
1436	1391	4857
1437	1413	4940
1437	1439	4942
1437	1441	4936
1437	1442	4938
1438	1439	4947
1439	1418	4913
1439	1437	4943
1439	1438	4946
1439	1440	4944
1440	663	1647
1440	1418	4911
1440	1439	4945
1441	1038	3663
1441	1437	4937
1441	1442	4948
1442	138	4950
1442	1437	4939
1442	1441	4949
1443	243	4952
1443	256	595
1443	897	3033
1443	1202	4231
1443	1374	4813
1444	1445	4955
1445	175	243
1445	1271	4463
1445	1444	4954
1446	521	811
1446	646	1521
1446	1038	3657
1447	245	91
1447	521	807
1447	1632	4956
1448	248	4958
1448	784	2393
1448	945	3243
1449	283	4960
1449	695	1849
1449	699	1863
1449	1451	4962
1450	256	591
1450	1452	4966
1450	1621	4964
1451	694	1845
1451	1449	4963
1451	1452	4968
1452	283	4970
1452	1450	4967
1452	1451	4969
1453	358	4972
1453	1585	4974
1454	1031	3629
1455	216	4978
1455	259	4976
1455	1310	4615
1456	261	4982
1456	265	4980
1457	904	3057
1457	1302	4591
1457	1458	4984
1458	1291	4543
1458	1298	4567
1458	1305	4601
1458	1457	4985
1459	266	901
1459	1460	4986
1459	1599	4988
1460	1459	4987
1461	904	3061
1461	1299	4571
1461	1302	4587
1461	1593	4990
1462	911	3105
1462	1463	4994
1462	1601	4992
1463	910	3103
1463	1292	4551
1463	1462	4995
1464	638	1409
1464	639	1417
1464	1013	3549
1465	85	5002
1465	270	5004
1465	271	4996
1465	1466	4998
1465	1468	5000
1466	272	5006
1466	274	5008
1466	1465	4999
1466	1468	5010
1467	674	1709
1467	1194	4191
1467	1474	5012
1468	269	5014
1468	1231	4319
1468	1465	5001
1468	1466	5011
1469	1265	4439
1469	1389	4853
1469	1470	5016
1470	1264	4433
1470	1469	5017
1470	1471	5018
1470	1472	5020
1471	1470	5019
1472	275	5024
1472	1264	4437
1472	1470	5021
1473	1343	4697
1474	673	1703
1474	1143	4027
1474	1467	5013
1475	813	2521
1475	985	3427
1475	1253	4397
1475	1254	4401
1475	1396	4867
1476	813	2523
1476	1356	4761
1476	1396	4869
1477	813	2525
1478	1479	5029
1479	673	1705
1479	1404	4891
1479	1478	5028
1479	1480	5030
1479	1483	5032
1480	1479	5031
1481	647	1543
1481	954	3299
1481	1404	4893
1482	647	1545
1482	1217	4265
1482	1404	4895
1483	277	173
1483	947	3267
1483	954	3301
1483	1327	4651
1483	1479	5033
1484	650	1571
1484	1225	4301
1484	1237	4351
1485	1223	4295
1485	1242	4365
1486	979	3413
1486	1223	4297
1486	1251	4389
1487	1088	3815
1487	1236	4341
1487	1498	5034
1488	1088	3817
1488	1236	4343
1488	1242	4367
1488	1243	4371
1489	753	2255
1489	1490	5036
1490	278	5038
1490	753	2249
1490	1489	5037
1491	124	5042
1491	733	2087
1491	753	2251
1491	1153	4079
1492	776	2371
1492	1031	3625
1492	1102	3873
1492	1104	3877
1492	1580	5044
1493	647	1537
1493	1217	4261
1493	1506	5046
1494	648	1549
1494	983	3421
1494	1146	4039
1495	337	5050
1495	737	2127
1495	1130	3977
1495	1572	5054
1495	1574	5052
1496	1146	4037
1496	1497	5058
1496	1502	5056
1496	1503	5060
1497	649	1557
1497	1146	4043
1497	1244	4373
1497	1496	5059
1498	1238	4353
1498	1487	5035
1498	1500	5062
1499	279	5064
1499	881	2953
1499	1235	4333
1499	1240	4357
1500	1233	4321
1500	1240	4359
1500	1241	4363
1500	1498	5063
1501	488	83
1501	881	2955
1501	1234	4331
1501	1586	5066
1502	1236	4337
1502	1243	4369
1502	1496	5057
1503	1220	4281
1503	1244	4375
1503	1496	5061
1504	1220	4283
1504	1222	4293
1504	1237	4349
1505	972	3383
1505	1216	4259
1506	506	717
1506	1343	4701
1506	1493	5047
1507	871	2891
1507	1284	4519
1507	1510	5068
1508	444	4919
1508	871	2893
1508	1414	4897
1509	87	5070
1509	449	5080
1509	1511	5072
1509	1512	5074
1509	1513	5076
1509	1515	5078
1510	445	5023
1510	1414	4899
1510	1507	5069
1511	894	3019
1511	895	3023
1511	1414	4901
1511	1509	5073
1512	449	5082
1512	893	3015
1512	1509	5075
1513	895	3025
1513	1509	5077
1513	1514	5084
1514	892	3005
1514	1513	5085
1515	894	3021
1515	1509	5079
1516	1334	4667
1517	1304	4595
1517	1358	4771
1517	1518	5086
1518	427	5088
1518	428	5090
1518	1517	5087
1519	883	2971
1519	943	3231
1519	1521	5092
1519	1522	5094
1520	885	2973
1520	1010	3533
1520	1521	5096
1520	1522	5098
1521	844	2803
1521	1519	5093
1521	1520	5097
1522	1010	3535
1522	1519	5095
1522	1520	5099
1523	822	2607
1523	823	2615
1523	1077	3799
1523	1283	4515
1524	198	5100
1524	1172	4131
1524	1180	4153
1525	37	331
1525	688	1829
1525	1401	4883
1526	667	1671
1526	1528	5104
1526	1529	5106
1526	1533	5102
1527	741	2137
1527	1528	5108
1528	1526	5105
1528	1527	5109
1528	1530	5110
1528	1531	5114
1528	1645	5112
1529	753	2253
1529	1526	5107
1530	667	1665
1530	1528	5111
1530	1532	5116
1531	886	2977
1531	1528	5115
1531	1532	5118
1532	1003	3517
1532	1530	5117
1532	1531	5119
1533	1526	5103
1534	193	1679
1534	1535	5122
1534	1536	5120
1535	404	499
1535	975	3389
1535	1373	4811
1535	1402	4887
1535	1534	5123
1535	1542	5124
1535	1549	5126
1535	1635	5128
1536	294	5134
1536	971	3373
1536	1534	5121
1536	1537	5130
1536	1538	5132
1537	285	237
1537	1536	5131
1537	1541	5136
1538	1536	5133
1538	1541	5138
1539	971	3377
1540	1212	4257
1540	1540	5140
1541	1537	5137
1541	1538	5139
1542	292	481
1542	1535	5125
1542	1543	5142
1543	291	465
1543	1542	5143
1544	1373	4807
1545	293	5144
1545	678	1733
1545	975	3393
1545	1049	3709
1545	1373	4809
1546	291	467
1546	975	3395
1546	976	3397
1547	707	1925
1547	1252	4393
1548	651	1583
1548	1548	5146
1549	1535	5127
1549	1635	5152
1549	1637	5148
1549	1638	5150
1550	1379	4831
1550	1551	5154
1550	1676	5156
1551	88	207
1551	477	5160
1551	478	5166
1551	479	5168
1551	480	631
1551	481	5158
1551	482	5172
1551	1406	5170
1551	1550	5155
1551	1677	5162
1551	1678	5164
1552	734	2103
1552	1676	5176
1552	1677	5174
1553	551	1021
1553	1109	3889
1554	462	5178
1554	1555	5180
1555	463	5182
1555	1261	4417
1555	1554	5181
1556	1262	4431
1557	1227	4305
1558	83	5184
1558	637	1405
1559	503	705
1559	882	2969
1559	1112	3897
1559	1586	5186
1560	1375	4815
1560	1563	5190
1560	1564	5188
1561	731	2067
1561	855	2841
1561	1344	4713
1561	1348	4731
1561	1561	5192
1562	308	4577
1563	392	307
1563	393	5194
1563	1560	5191
1564	307	4495
1564	313	5049
1564	314	5196
1564	1560	5189
1565	310	5200
1565	324	5198
1565	989	3449
1565	1022	3579
1565	1344	4703
1565	1345	4717
1565	1348	4729
1566	318	349
1566	726	2043
1566	735	2113
1566	1567	5202
1567	319	5204
1567	1352	4751
1567	1566	5203
1568	458	4607
1568	990	3461
1569	990	3463
1569	1352	4753
1570	395	5206
1570	989	3451
1570	1353	4757
1570	1380	4833
1571	1024	3595
1572	328	29
1572	330	5214
1572	1495	5055
1572	1573	5210
1572	1575	5212
1572	1577	5208
1573	329	5222
1573	332	5218
1573	333	43
1573	334	47
1573	740	2135
1573	1131	3979
1573	1572	5211
1573	1575	5220
1573	1576	5216
1574	331	5224
1574	1130	3975
1574	1495	5053
1575	1572	5213
1575	1573	5221
1576	328	25
1576	1573	5217
1577	1572	5209
1578	210	4065
1578	1104	3875
1578	1585	5226
1579	339	4621
1579	753	2259
1579	771	2349
1580	354	5228
1580	776	2369
1580	1492	5045
1581	342	4663
1581	352	5234
1581	752	2237
1581	771	2351
1581	1583	5230
1581	1584	5232
1582	343	5240
1582	349	5238
1582	352	5242
1582	354	5236
1582	770	2341
1582	776	2365
1583	357	5244
1583	771	2353
1583	1581	5231
1584	356	5246
1584	752	2239
1584	1581	5233
1585	1381	4843
1585	1453	4975
1585	1578	5227
1586	360	5250
1586	366	603
1586	1501	5067
1586	1559	5187
1586	1588	5248
1586	1589	5252
1587	361	5254
1587	363	565
1587	364	577
1587	367	613
1587	1112	3899
1588	1586	5249
1589	364	581
1589	1586	5253
1590	407	585
1590	1591	5258
1590	1636	5256
1591	1590	5259
1591	1640	5262
1591	1653	5260
1592	369	4047
1592	1299	4573
1592	1302	4589
1593	368	4017
1593	904	3049
1593	908	3083
1593	1293	4579
1593	1461	4991
1594	370	5264
1594	1253	4395
1594	1395	4865
1595	1343	4699
1596	842	2787
1596	987	3441
1596	1278	4493
1597	1399	4873
1598	374	5270
1598	376	5266
1598	1407	5268
1599	1415	4905
1599	1459	4989
1599	1612	5272
1600	907	3073
1600	912	3107
1600	1653	5274
1601	409	629
1601	906	3069
1601	1462	4993
1602	397	5278
1602	398	5276
1602	707	1907
1602	719	2007
1603	943	3233
1603	944	3235
1603	1012	3543
1604	83	5280
1604	707	1913
1604	1008	3531
1605	707	1915
1605	852	2831
1605	1605	5282
1605	1606	5284
1606	378	5286
1606	719	2001
1606	1605	5285
1607	887	2993
1607	1003	3513
1607	1386	5288
1608	138	5290
1608	1155	4083
1608	1270	4461
1609	219	167
1609	763	2311
1609	1401	4885
1610	143	4031
1610	426	5027
1610	427	5292
1610	1048	3701
1611	198	5294
1611	821	2585
1611	856	2849
1612	183	4641
1612	266	899
1612	1288	4533
1612	1599	5273
1613	79	485
1614	89	601
1614	644	1491
1614	1372	4803
1615	1084	5296
1615	1358	4765
1616	384	5300
1616	1358	4767
1616	1359	4775
1616	1617	5298
1617	381	5302
1617	382	5304
1617	1363	4781
1617	1366	4791
1617	1616	5299
1618	383	5308
1618	644	1493
1618	1361	4777
1618	1618	5306
1619	1277	4489
1619	1361	4779
1619	1650	5310
1620	588	1161
1621	1450	4965
1622	1028	3619
1622	1032	3639
1623	388	251
1623	1625	5312
1624	1625	5315
1625	1020	3571
1625	1623	5313
1625	1624	5314
1626	1393	4859
1627	200	473
1627	989	3455
1627	1027	3607
1628	458	4605
1628	1024	3597
1628	1631	5316
1629	396	5318
1629	1630	5320
1630	1369	4795
1630	1629	5321
1630	1630	5322
1631	1628	5317
1632	657	1625
1632	1371	4799
1632	1447	4957
1633	480	635
1633	1378	4823
1633	1644	5326
1634	544	987
1634	1196	4209
1634	1248	4383
1635	976	3399
1635	1535	5129
1635	1549	5153
1636	1590	5257
1636	1637	5328
1636	1638	5330
1636	1640	5332
1637	403	495
1637	978	3407
1637	1549	5149
1637	1636	5329
1638	405	529
1638	1415	4903
1638	1549	5151
1638	1636	5331
1639	163	5334
1639	404	497
1639	1251	4391
1640	913	3111
1640	1591	5263
1640	1636	5333
1641	704	1881
1642	415	405
1642	1099	3861
1642	1340	4689
1643	1025	3601
1643	1644	5336
1643	1675	5338
1644	1350	4739
1644	1378	4827
1644	1633	5327
1644	1643	5337
1645	1528	5113
1646	421	4835
1646	707	1911
1646	1647	5340
1647	422	5041
1647	711	1949
1647	1646	5341
1648	423	5344
1648	424	5342
1648	828	2641
1648	829	2643
1648	1086	3813
1649	1400	4877
1650	644	1489
1650	1276	4485
1650	1619	5311
1651	129	5346
1651	792	2423
1651	1199	4217
1651	1200	4225
1651	1201	4227
1652	372	137
1652	1118	3921
1652	1382	4839
1653	907	3075
1653	979	3411
1653	1591	5261
1653	1600	5275
1654	84	381
1654	707	1899
1654	716	1983
1655	707	1901
1655	716	1989
1655	723	2031
1656	639	1421
1656	716	1985
1656	723	2033
1657	439	5354
1657	923	5356
1657	925	3151
1657	927	3157
1658	443	683
1658	572	1097
1658	624	1305
1659	447	5360
1659	871	2899
1659	1661	5358
1660	453	5362
1660	483	4185
1660	1168	4121
1661	447	5364
1661	882	2967
1661	1659	5359
1662	457	5366
1662	629	1319
1662	1423	4921
1663	945	3253
1664	723	2035
1664	1419	4917
1665	624	1307
1666	1261	4419
1667	467	5368
1667	1267	4447
1667	1274	4477
1668	469	5457
1669	733	2089
1669	1154	4081
1670	471	5372
1670	473	5374
1670	495	5370
1670	1136	3989
1671	733	2091
1671	1135	3985
1671	1136	3991
1672	207	133
1672	1169	4125
1672	1173	4137
1673	873	2919
1673	1351	4745
1674	476	5376
1674	1351	4747
1674	1675	5378
1675	205	5380
1675	1350	4741
1675	1643	5339
1675	1674	5379
1676	67	5382
1676	734	2105
1676	1550	5157
1676	1552	5177
1677	1028	3615
1677	1551	5163
1677	1552	5175
1678	88	209
1678	480	633
1678	1551	5165
1679	986	3439
1680	1053	3721
1681	89	599
1681	644	1497
1681	645	1515
1681	1037	3653
1682	498	5384
1682	666	1661
1682	1006	3525
